0	0	0.0
0	1	0.0
0	2	0.0
0	3	0.0
0	4	0.0
0	5	0.0
0	6	0.0
0	7	0.0
0	8	0.0
0	9	0.0
0	10	0.0
0	11	0.0
0	12	0.0
0	13	0.0
0	14	0.0
0	15	0.0
0	16	0.0
0	17	0.0
0	18	0.0
0	19	0.0
0	20	0.0
0	21	0.0
0	22	0.0
0	23	0.0
0	24	0.0
0	25	0.0
0	26	0.0
0	27	0.0
0	28	0.0
0	29	0.0
0	30	0.0
0	31	0.0
0	32	0.0
0	33	0.0
0	34	0.0
0	35	0.0
0	36	0.0
0	37	0.0
0	38	0.0
0	39	0.0
0	40	0.0
0	41	0.0
0	42	0.0
0	43	0.0
0	44	0.0
0	45	0.0
0	46	0.0
0	47	0.0
0	48	0.0
0	49	0.0
0	50	0.0
0	51	0.0
0	52	0.0
0	53	0.0
0	54	0.0
0	55	0.0
0	56	0.0
0	57	0.0
0	58	0.0
0	59	0.0
0	60	0.0
0	61	0.0
0	62	0.0
0	63	0.0
0	64	0.0
0	65	0.0
0	66	0.0
0	67	0.0
0	68	0.0
0	69	0.0
0	70	0.0
0	71	0.0
0	72	0.0
0	73	0.0
0	74	0.0
0	75	0.0
0	76	0.0
0	77	0.0
0	78	0.0
0	79	0.0
0	80	0.0
0	81	0.0
0	82	0.0
0	83	0.0
0	84	0.0
0	85	0.0
0	86	0.0
0	87	0.0
0	88	0.0
0	89	0.0
0	90	0.0
0	91	0.0
0	92	0.0
0	93	0.0
0	94	0.0
0	95	0.0
0	96	0.0
0	97	0.0
0	98	0.0
0	99	0.0
0	100	0.0
0	101	0.0
0	102	0.0
0	103	0.0
0	104	0.0
0	105	0.0
0	106	1.0
0	107	0.0
0	108	0.0
0	109	0.0
0	110	0.0
0	111	0.0
0	112	0.0
0	113	0.0
0	114	0.0
0	115	0.0
0	116	0.0
0	117	0.0
0	118	0.0
0	119	0.0
0	120	0.0
0	121	0.0
0	122	0.0
0	123	0.0
0	124	0.0
0	125	0.0
0	126	0.0
0	127	0.0
0	128	0.0
0	129	0.0
0	130	0.0
0	131	0.0
0	132	0.0
0	133	0.0
0	134	0.0
0	135	0.0
0	136	0.0
0	137	0.0
0	138	0.0
0	139	0.0
0	140	0.0
0	141	0.0
0	142	0.0
0	143	0.0
0	144	0.0
0	145	0.0
0	146	0.0
0	147	0.0
0	148	0.0
0	149	0.0
0	150	0.0
0	151	0.0
0	152	0.0
0	153	0.0
0	154	0.0
0	155	0.0
0	156	0.0
0	157	0.0
0	158	0.0
0	159	0.0
0	160	0.0
0	161	0.0
0	162	0.0
0	163	0.0
0	164	0.0
0	165	0.0
0	166	0.0
0	167	0.0
0	168	0.0
0	169	0.0
0	170	0.0
0	171	0.0
0	172	0.0
0	173	0.0
0	174	0.0
0	175	0.0
0	176	0.0
0	177	0.0
0	178	0.0
0	179	0.0
0	180	0.0
0	181	0.0
0	182	0.0
0	183	0.0
0	184	0.0
0	185	0.0
0	186	0.0
0	187	0.0
0	188	0.0
0	189	0.0
0	190	0.0
0	191	0.0
0	192	0.0
0	193	0.0
0	194	0.0
0	195	0.0
0	196	0.0
0	197	0.0
0	198	0.0
0	199	0.0
0	200	0.0
0	201	0.0
0	202	0.0
0	203	0.0
0	204	0.0
0	205	0.0
0	206	0.0
0	207	0.0
0	208	0.0
0	209	0.0
0	210	0.0
0	211	0.0
0	212	0.0
0	213	0.0
0	214	0.0
0	215	0.0
0	216	0.0
0	217	0.0
0	218	0.0
0	219	0.0
0	220	0.0
0	221	0.0
0	222	0.0
0	223	0.0
0	224	0.0
0	225	0.0
0	226	0.0
0	227	0.0
0	228	0.0
0	229	0.0
0	230	0.0
0	231	0.0
0	232	0.0
0	233	0.0
0	234	0.0
0	235	0.0
0	236	0.0
0	237	0.0
0	238	0.0
0	239	0.0
0	240	0.0
0	241	0.0
0	242	0.0
0	243	0.0
0	244	0.0
0	245	0.0
0	246	0.0
0	247	0.0
0	248	0.0
0	249	0.0
0	250	0.0
0	251	0.0
0	252	0.0
0	253	0.0
0	254	0.0
0	255	0.0
0	256	0.0
0	257	0.0
0	258	0.0
0	259	0.0
0	260	0.0
0	261	0.0
0	262	0.0
0	263	0.0
0	264	0.0
0	265	0.0
0	266	0.0
0	267	0.0
0	268	0.0
0	269	0.0
0	270	0.0
0	271	0.0
0	272	0.0
0	273	0.0
0	274	0.0
0	275	0.0
0	276	0.0
0	277	0.0
0	278	0.0
0	279	0.0
0	280	0.0
0	281	0.0
0	282	0.0
0	283	0.0
0	284	0.0
0	285	0.0
0	286	0.0
0	287	0.0
0	288	0.0
0	289	0.0
0	290	0.0
0	291	0.0
0	292	0.0
0	293	0.0
0	294	0.0
0	295	0.0
0	296	0.0
0	297	0.0
0	298	0.0
0	299	0.0
0	300	0.0
0	301	0.0
0	302	0.0
0	303	0.0
0	304	0.0
0	305	0.0
0	306	0.0
0	307	0.0
0	308	0.0
0	309	0.0
0	310	0.0
0	311	0.0
0	312	0.0
0	313	0.0
0	314	0.0
0	315	0.0
0	316	0.0
0	317	0.0
0	318	0.0
0	319	0.0
0	320	0.0
0	321	0.0
0	322	0.0
0	323	0.0
0	324	0.0
0	325	0.0
0	326	0.0
0	327	0.0
0	328	0.0
0	329	0.0
0	330	0.0
0	331	0.0
0	332	0.0
0	333	0.0
0	334	0.0
0	335	0.0
0	336	0.0
0	337	0.0
0	338	0.0
0	339	0.0
0	340	0.0
0	341	0.0
0	342	0.0
0	343	0.0
0	344	0.0
0	345	0.0
0	346	0.0
0	347	0.0
0	348	0.0
0	349	0.0
0	350	0.0
0	351	0.0
0	352	0.0
0	353	0.0
0	354	0.0
0	355	0.0
0	356	0.0
0	357	0.0
0	358	0.0
0	359	0.0
0	360	0.0
0	361	0.0
0	362	0.0
0	363	0.0
0	364	0.0
0	365	0.0
0	366	0.0
0	367	0.0
0	368	0.0
0	369	0.0
0	370	0.0
0	371	0.0
0	372	0.0
0	373	0.0
0	374	0.0
0	375	0.0
0	376	0.0
0	377	0.0
0	378	0.0
0	379	0.0
0	380	0.0
0	381	0.0
0	382	0.0
0	383	0.0
0	384	0.0
0	385	0.0
0	386	0.0
0	387	0.0
0	388	0.0
0	389	0.0
0	390	0.0
0	391	0.0
0	392	0.0
0	393	0.0
0	394	0.0
0	395	0.0
0	396	0.0
0	397	0.0
0	398	0.0
0	399	0.0
0	400	0.0
0	401	0.0
0	402	0.0
0	403	0.0
0	404	0.0
0	405	0.0
0	406	0.0
0	407	0.0
0	408	0.0
0	409	0.0
0	410	0.0
0	411	0.0
0	412	0.0
0	413	0.0
0	414	0.0
0	415	0.0
0	416	0.0
0	417	0.0
0	418	0.0
0	419	0.0
0	420	0.0
0	421	0.0
0	422	0.0
0	423	0.0
0	424	0.0
0	425	0.0
0	426	0.0
0	427	0.0
0	428	0.0
0	429	0.0
0	430	0.0
0	431	0.0
0	432	0.0
0	433	0.0
0	434	0.0
0	435	0.0
0	436	0.0
0	437	0.0
0	438	0.0
0	439	0.0
0	440	0.0
0	441	0.0
0	442	0.0
0	443	0.0
0	444	0.0
0	445	0.0
0	446	0.0
0	447	0.0
0	448	0.0
0	449	0.0
0	450	0.0
0	451	0.0
0	452	0.0
0	453	0.0
0	454	0.0
0	455	0.0
0	456	0.0
0	457	0.0
0	458	0.0
0	459	0.0
0	460	0.0
0	461	0.0
0	462	0.0
0	463	0.0
0	464	0.0
0	465	0.0
0	466	0.0
0	467	0.0
0	468	0.0
0	469	0.0
0	470	0.0
0	471	0.0
0	472	0.0
0	473	0.0
0	474	0.0
0	475	0.0
0	476	0.0
0	477	0.0
0	478	0.0
0	479	0.0
0	480	0.0
0	481	0.0
0	482	0.0
0	483	0.0
0	484	0.0
0	485	0.0
0	486	0.0
0	487	0.0
0	488	0.0
0	489	0.0
0	490	0.0
0	491	0.0
0	492	0.0
0	493	0.0
0	494	0.0
0	495	0.0
0	496	0.0
0	497	0.0
0	498	0.0
0	499	0.0
0	500	0.0
0	501	0.0
0	502	0.0
0	503	0.0
0	504	0.0
0	505	0.0
0	506	0.0
0	507	0.0
0	508	0.0
0	509	0.0
0	510	0.0
0	511	0.0
0	512	0.0
0	513	0.0
0	514	0.0
0	515	0.0
0	516	0.0
1	517	0.0
1	518	0.0
1	519	0.0
1	520	0.0
1	521	0.0
1	522	0.0
1	523	0.0
1	524	1.0
1	525	0.0
1	526	0.0
1	527	0.0
1	528	0.0
1	529	0.0
1	530	0.0
1	531	0.0
1	532	0.0
1	533	0.0
1	534	0.0
1	535	0.0
1	536	0.0
1	537	0.0
1	538	0.0
1	539	0.0
1	540	0.0
1	541	0.0
1	542	0.0
1	543	0.0
1	544	0.0
1	545	0.0
1	546	0.0
1	547	0.0
1	548	0.0
1	549	0.0
1	550	0.0
1	551	0.0
1	552	0.0
1	553	1.0
1	554	0.0
1	555	0.0
1	556	1.0
1	557	1.0
1	558	0.0
1	559	0.0
1	560	0.0
1	561	0.0
1	562	0.0
1	563	0.0
1	564	0.0
1	565	1.0
1	566	1.0
1	567	0.0
1	568	0.0
1	569	0.0
1	570	0.0
1	571	0.0
1	572	0.0
1	573	0.0
1	574	0.0
1	575	0.0
1	576	0.0
1	577	0.0
1	578	0.0
1	579	0.0
1	580	0.0
1	581	0.0
1	582	0.0
1	583	0.0
1	584	0.0
1	585	0.0
1	586	0.0
1	587	0.0
1	588	0.0
1	589	0.0
1	590	0.0
1	591	0.0
1	592	0.0
1	593	0.0
1	594	0.0
1	595	0.0
1	596	0.0
1	597	0.0
1	598	0.0
1	599	0.0
1	600	0.0
1	601	0.0
1	602	0.0
1	603	0.0
1	604	0.0
1	605	0.0
1	606	0.0
1	607	0.0
1	608	0.0
1	609	0.0
1	610	0.0
1	611	0.0
1	612	0.0
1	613	0.0
1	614	0.0
1	615	0.0
1	616	0.0
1	617	0.0
1	618	0.0
1	619	0.0
1	620	0.0
1	621	0.0
1	622	0.0
1	623	0.0
1	624	0.0
1	625	0.0
1	626	0.0
1	627	0.0
1	628	0.0
1	629	0.0
1	630	0.0
1	631	0.0
1	632	0.0
1	633	0.0
1	634	0.0
1	635	0.0
1	636	0.0
1	637	0.0
1	638	0.0
1	639	0.0
1	640	0.0
1	641	0.0
1	642	0.0
1	643	0.0
1	644	0.0
1	645	0.0
1	646	0.0
1	647	0.0
1	648	0.0
1	649	0.0
1	650	0.0
1	651	0.0
1	652	0.0
1	653	0.0
1	654	0.0
1	655	0.0
1	656	0.0
1	657	0.0
1	658	0.0
1	659	0.0
1	660	0.0
1	661	0.0
1	662	0.0
1	663	0.0
1	664	0.0
1	665	0.0
1	666	0.0
1	667	0.0
1	668	0.0
1	669	0.0
1	670	0.0
1	671	0.0
1	672	0.0
1	673	0.0
1	674	0.0
1	675	0.0
1	676	0.0
1	677	0.0
1	678	0.0
1	679	0.0
1	680	0.0
1	681	0.0
1	682	0.0
1	683	0.0
1	684	0.0
1	685	0.0
1	686	0.0
1	687	0.0
1	688	0.0
1	689	0.0
1	690	0.0
1	691	0.0
1	692	0.0
1	693	0.0
1	694	0.0
1	695	0.0
1	696	0.0
1	697	0.0
1	698	0.0
1	699	0.0
1	700	0.0
1	701	0.0
1	702	0.0
1	703	0.0
1	704	0.0
1	705	0.0
1	706	0.0
1	707	0.0
1	708	0.0
1	709	0.0
1	710	0.0
1	711	0.0
1	712	0.0
1	713	0.0
1	714	0.0
1	715	0.0
1	716	0.0
1	717	0.0
1	718	0.0
1	719	0.0
1	720	0.0
1	721	0.0
1	722	0.0
1	723	0.0
1	724	0.0
1	725	0.0
1	726	0.0
1	727	0.0
1	728	0.0
1	729	0.0
1	730	0.0
1	731	0.0
1	732	0.0
1	733	0.0
1	734	0.0
1	735	0.0
1	736	0.0
1	737	0.0
1	738	0.0
1	739	0.0
1	740	0.0
1	741	0.0
1	742	1.0
1	743	0.0
1	744	0.0
1	745	0.0
1	746	0.0
1	747	0.0
1	748	0.0
1	749	0.0
1	750	0.0
1	751	0.0
1	752	0.0
1	753	0.0
1	754	0.0
1	755	0.0
1	756	0.0
1	757	0.0
1	758	1.0
1	759	0.0
1	760	0.0
1	761	0.0
1	762	0.0
1	763	0.0
1	764	1.0
1	765	0.0
1	766	0.0
1	767	0.0
1	768	0.0
1	769	0.0
1	770	0.0
1	771	0.0
1	772	0.0
1	773	0.0
1	774	0.0
1	775	0.0
1	776	1.0
1	777	0.0
1	778	0.0
1	779	0.0
1	780	0.0
1	781	0.0
1	782	1.0
1	783	0.0
1	784	0.0
1	785	0.0
1	786	0.0
1	787	0.0
1	788	0.0
1	789	0.0
1	790	0.0
1	791	0.0
1	792	0.0
1	793	0.0
1	794	0.0
1	795	0.0
1	796	0.0
1	797	0.0
1	798	0.0
1	799	0.0
1	800	0.0
1	801	0.0
1	802	0.0
1	803	0.0
1	804	1.0
1	805	0.0
1	806	0.0
1	807	0.0
1	808	0.0
1	809	1.0
1	810	0.0
1	811	0.0
1	812	0.0
1	813	0.0
1	814	0.0
1	815	0.0
1	816	0.0
1	817	0.0
1	818	0.0
1	819	1.0
1	820	1.0
1	821	0.0
1	822	0.0
1	823	1.0
1	824	0.0
1	825	0.0
1	826	0.0
1	827	0.0
1	828	0.0
1	829	0.0
1	830	0.0
1	831	0.0
1	832	0.0
1	833	0.0
1	834	0.0
1	835	0.0
1	836	0.0
1	837	0.0
1	838	0.0
1	839	0.0
1	840	0.0
1	841	0.0
1	842	0.0
1	843	0.0
1	844	0.0
1	845	0.0
1	846	0.0
1	847	0.0
1	848	0.0
1	849	0.0
1	850	0.0
1	851	0.0
1	852	1.0
1	853	1.0
1	854	0.0
1	855	0.0
1	856	0.0
1	857	0.0
1	858	0.0
1	859	0.0
1	860	0.0
1	861	1.0
1	862	0.0
1	863	0.0
1	864	0.0
1	865	0.0
1	866	0.0
1	867	0.0
1	868	0.0
1	869	0.0
1	870	1.0
1	871	0.0
1	872	0.0
1	873	0.0
1	874	0.0
1	875	0.0
1	876	1.0
1	877	0.0
1	878	1.0
1	879	0.0
1	880	0.0
1	881	1.0
1	882	0.0
1	883	0.0
1	884	0.0
1	885	0.0
1	886	0.0
1	887	1.0
1	888	0.0
1	889	1.0
1	890	0.0
1	891	0.0
1	892	0.0
1	893	1.0
1	894	0.0
1	895	0.0
1	896	1.0
1	897	0.0
1	898	0.0
1	899	0.0
1	900	0.0
1	901	0.0
1	902	0.0
1	903	0.0
1	904	0.0
1	905	0.0
1	906	0.0
1	907	0.0
1	908	0.0
1	909	0.0
1	910	0.0
1	911	0.0
1	912	0.0
1	913	0.0
1	914	0.0
1	915	0.0
1	916	0.0
1	917	0.0
1	918	0.0
1	919	0.0
1	920	0.0
1	921	0.0
1	922	0.0
1	923	0.0
1	924	1.0
1	925	0.0
1	926	0.0
1	927	0.0
1	928	1.0
1	929	0.0
1	930	0.0
1	931	0.0
1	932	0.0
1	933	0.0
1	934	0.0
1	935	0.0
1	936	0.0
1	937	0.0
1	938	0.0
1	939	0.0
1	940	0.0
1	941	0.0
1	942	0.0
1	943	0.0
1	944	0.0
1	945	0.0
1	946	0.0
1	947	0.0
1	948	0.0
1	949	0.0
1	950	0.0
1	951	0.0
1	952	0.0
1	953	0.0
1	954	0.0
1	955	0.0
1	956	0.0
1	957	0.0
1	958	0.0
1	959	0.0
1	960	0.0
1	961	0.0
1	962	0.0
1	963	0.0
1	964	0.0
1	965	0.0
1	966	0.0
1	967	0.0
1	968	0.0
1	969	0.0
1	970	0.0
1	971	0.0
1	972	0.0
1	973	0.0
1	974	0.0
1	975	0.0
1	976	0.0
1	977	0.0
1	978	0.0
1	979	0.0
1	980	0.0
1	981	0.0
1	982	0.0
1	983	0.0
1	984	0.0
1	985	0.0
1	986	0.0
1	987	0.0
1	988	0.0
1	989	0.0
1	990	0.0
1	991	0.0
1	992	0.0
1	993	0.0
1	994	0.0
1	995	0.0
1	996	0.0
1	997	0.0
1	998	0.0
1	999	0.0
1	1000	0.0
1	1001	0.0
1	1002	0.0
1	1003	0.0
1	1004	0.0
1	1005	0.0
1	1006	0.0
1	1007	0.0
1	1008	0.0
1	1009	0.0
1	1010	0.0
1	1011	0.0
1	1012	0.0
1	1013	0.0
1	1014	0.0
1	1015	0.0
1	1016	0.0
1	1017	0.0
1	1018	0.0
1	1019	0.0
1	1020	0.0
1	1021	0.0
1	1022	0.0
1	1023	0.0
1	1024	0.0
1	1025	0.0
1	1026	0.0
1	1027	0.0
1	1028	0.0
1	1029	0.0
1	1030	0.0
1	1031	0.0
1	1032	0.0
1	1033	0.0
1	1034	0.0
1	1035	0.0
1	1036	0.0
1	1037	0.0
1	1038	0.0
1	1039	0.0
1	1040	0.0
1	1041	0.0
1	1042	0.0
1	1043	0.0
1	1044	0.0
1	1045	0.0
1	1046	0.0
1	1047	0.0
1	1048	0.0
1	1049	0.0
1	1050	0.0
1	1051	0.0
1	1052	0.0
1	1053	0.0
1	1054	0.0
1	1055	0.0
1	1056	0.0
1	1057	0.0
1	1058	0.0
1	1059	0.0
1	1060	0.0
1	1061	0.0
1	1062	0.0
1	1063	0.0
1	1064	0.0
1	1065	0.0
1	1066	0.0
1	1067	0.0
1	1068	0.0
1	1069	0.0
1	1070	0.0
1	1071	0.0
1	1072	0.0
1	1073	0.0
1	1074	0.0
1	1075	0.0
1	1076	0.0
1	1077	0.0
1	1078	0.0
1	1079	0.0
1	1080	0.0
1	1081	0.0
1	1082	0.0
1	1083	0.0
1	1084	0.0
1	1085	0.0
1	1086	0.0
1	1087	0.0
1	1088	0.0
1	1089	0.0
1	1090	0.0
1	1091	0.0
1	1092	0.0
1	1093	0.0
1	1094	0.0
1	1095	0.0
1	1096	0.0
1	1097	0.0
1	1098	0.0
1	1099	0.0
1	1100	0.0
1	1101	0.0
1	1102	0.0
1	1103	0.0
1	1104	0.0
1	1105	0.0
1	1106	0.0
1	1107	0.0
1	1108	0.0
1	1109	0.0
1	1110	0.0
1	1111	0.0
1	1112	0.0
1	1113	0.0
1	1114	0.0
1	1115	0.0
1	1116	0.0
1	1117	0.0
1	1118	0.0
1	1119	0.0
1	1120	0.0
1	1121	0.0
1	1122	0.0
1	1123	0.0
1	1124	0.0
1	1125	0.0
1	1126	0.0
1	1127	0.0
1	1128	0.0
1	1129	0.0
1	1130	0.0
1	1131	0.0
1	1132	0.0
1	1133	0.0
1	1134	0.0
1	1135	0.0
1	1136	0.0
1	1137	0.0
1	1138	0.0
1	1139	0.0
1	1140	0.0
1	1141	0.0
1	1142	0.0
1	1143	0.0
1	1144	0.0
1	1145	0.0
1	1146	0.0
1	1147	0.0
1	1148	0.0
1	1149	0.0
1	1150	0.0
1	1151	0.0
1	1152	0.0
1	1153	0.0
1	1154	0.0
1	1155	0.0
1	1156	0.0
1	1157	0.0
1	1158	0.0
1	1159	0.0
1	1160	0.0
1	1161	0.0
1	1162	0.0
1	1163	0.0
1	1164	0.0
1	1165	0.0
1	1166	0.0
1	1167	0.0
1	1168	0.0
1	1169	0.0
1	1170	0.0
1	1171	0.0
1	1172	0.0
1	1173	0.0
1	1174	0.0
1	1175	0.0
1	1176	0.0
1	1177	0.0
1	1178	0.0
1	1179	0.0
1	1180	0.0
1	1181	0.0
1	1182	0.0
1	1183	0.0
1	1184	0.0
1	1185	0.0
1	1186	0.0
1	1187	0.0
1	1188	0.0
1	1189	0.0
1	1190	0.0
1	1191	0.0
1	1192	0.0
1	1193	0.0
1	1194	0.0
1	1195	0.0
1	1196	0.0
1	1197	0.0
1	1198	0.0
1	1199	0.0
1	1200	0.0
1	1201	0.0
1	1202	0.0
1	1203	0.0
1	1204	0.0
1	1205	0.0
1	1206	0.0
1	1207	0.0
1	1208	0.0
1	1209	0.0
1	1210	0.0
1	1211	0.0
1	1212	0.0
1	1213	0.0
1	1214	0.0
1	1215	0.0
1	1216	0.0
1	1217	0.0
1	1218	0.0
1	1219	0.0
1	1220	0.0
1	1221	0.0
1	1222	0.0
1	1223	0.0
1	1224	0.0
1	1225	0.0
1	1226	0.0
1	1227	0.0
1	1228	0.0
1	1229	0.0
1	1230	0.0
1	1231	0.0
1	1232	0.0
1	1233	0.0
1	1234	0.0
1	1235	0.0
1	1236	0.0
1	1237	0.0
1	1238	0.0
1	1239	0.0
1	1240	0.0
1	1241	0.0
1	1242	0.0
1	1243	0.0
1	1244	0.0
1	1245	0.0
1	1246	0.0
1	1247	0.0
1	1248	0.0
1	1249	0.0
1	1250	0.0
1	1251	0.0
1	1252	0.0
1	1253	0.0
1	1254	0.0
1	1255	0.0
1	1256	0.0
1	1257	0.0
1	1258	0.0
1	1259	0.0
1	1260	0.0
1	1261	0.0
1	1262	0.0
1	1263	0.0
1	1264	0.0
1	1265	0.0
1	1266	0.0
1	1267	0.0
1	1268	0.0
1	1269	0.0
1	1270	0.0
1	1271	0.0
1	1272	0.0
1	1273	0.0
1	1274	0.0
1	1275	0.0
1	1276	0.0
1	1277	0.0
1	1278	0.0
1	1279	0.0
1	1280	0.0
1	1281	0.0
1	1282	0.0
1	1283	0.0
1	1284	0.0
1	1285	0.0
1	1286	0.0
1	1287	0.0
1	1288	0.0
1	1289	0.0
1	1290	0.0
1	1291	0.0
1	1292	0.0
1	1293	0.0
1	1294	0.0
1	1295	0.0
1	1296	0.0
1	1297	0.0
1	1298	0.0
1	1299	0.0
1	1300	0.0
1	1301	0.0
1	1302	0.0
1	1303	0.0
1	1304	0.0
1	1305	0.0
1	1306	0.0
1	1307	0.0
1	1308	0.0
1	1309	0.0
1	1310	0.0
1	1311	0.0
1	1312	0.0
1	1313	0.0
1	1314	0.0
1	1315	0.0
1	1316	0.0
1	1317	0.0
1	1318	0.0
1	1319	0.0
1	1320	0.0
1	1321	0.0
1	1322	0.0
1	1323	0.0
1	1324	0.0
1	1325	0.0
1	1326	0.0
1	1327	0.0
1	1328	0.0
1	1329	0.0
1	1330	0.0
1	1331	0.0
1	1332	0.0
1	1333	0.0
1	1334	0.0
1	1335	0.0
1	1336	0.0
1	1337	0.0
1	1338	0.0
1	1339	0.0
1	1340	0.0
1	1341	0.0
1	1342	0.0
1	1343	0.0
1	1344	0.0
1	1345	0.0
1	1346	0.0
1	1347	0.0
1	1348	0.0
1	1349	0.0
1	1350	0.0
1	1351	0.0
1	1352	0.0
1	1353	0.0
1	1354	0.0
1	1355	0.0
1	1356	0.0
1	1357	0.0
1	1358	0.0
1	1359	0.0
1	1360	0.0
1	1361	0.0
1	1362	0.0
1	1363	0.0
1	1364	0.0
1	1365	0.0
1	1366	0.0
1	1367	0.0
1	1368	0.0
1	1369	0.0
1	1370	0.0
1	1371	0.0
1	1372	0.0
1	1373	0.0
1	1374	0.0
1	1375	0.0
1	1376	0.0
1	1377	0.0
1	1378	0.0
1	1379	0.0
1	1380	0.0
1	1381	0.0
1	1382	0.0
1	1383	0.0
1	1384	0.0
1	1385	0.0
1	1386	0.0
1	1387	0.0
1	1388	0.0
1	1389	0.0
1	1390	0.0
1	1391	0.0
1	1392	0.0
1	1393	0.0
1	1394	0.0
1	1395	0.0
1	1396	0.0
1	1397	0.0
1	1398	0.0
1	1399	0.0
1	1400	0.0
1	1401	0.0
1	1402	0.0
1	1403	0.0
1	1404	0.0
1	1405	0.0
1	1406	0.0
1	1407	0.0
1	1408	0.0
1	1409	0.0
1	1410	0.0
1	1411	0.0
1	1412	0.0
1	1413	0.0
1	1414	0.0
1	1415	0.0
1	1416	0.0
1	1417	0.0
1	1418	0.0
1	1419	0.0
1	1420	0.0
1	1421	0.0
1	1422	0.0
1	1423	0.0
1	1424	0.0
1	1425	0.0
1	1426	0.0
1	1427	0.0
1	1428	0.0
1	1429	0.0
1	1430	0.0
1	1431	0.0
1	1432	0.0
1	1433	0.0
1	1434	0.0
1	1435	0.0
1	1436	0.0
1	1437	0.0
1	1438	0.0
1	1439	0.0
1	1440	0.0
1	1441	0.0
1	1442	0.0
1	1443	0.0
1	1444	0.0
1	1445	0.0
1	1446	0.0
1	1447	0.0
1	1448	0.0
1	1449	0.0
1	1450	0.0
1	1451	0.0
1	1452	0.0
1	1453	0.0
1	1454	0.0
1	1455	0.0
1	1456	0.0
1	1457	0.0
1	1458	0.0
1	1459	0.0
1	1460	0.0
1	1461	0.0
1	1462	0.0
1	1463	0.0
1	1464	0.0
1	1465	0.0
1	1466	0.0
1	1467	0.0
1	1468	0.0
1	1469	0.0
1	1470	0.0
1	1471	0.0
1	1472	0.0
1	1473	0.0
1	1474	0.0
1	1475	0.0
1	1476	0.0
1	1477	0.0
1	1478	0.0
1	1479	0.0
1	1480	0.0
1	1481	0.0
1	1482	0.0
1	1483	0.0
1	1484	0.0
1	1485	0.0
1	1486	0.0
1	1487	0.0
1	1488	0.0
1	1489	0.0
1	1490	0.0
1	1491	0.0
1	1492	0.0
1	1493	0.0
1	1494	0.0
1	1495	0.0
1	1496	0.0
1	1497	0.0
1	1498	0.0
1	1499	0.0
1	1500	0.0
1	1501	0.0
1	1502	0.0
1	1503	0.0
1	1504	0.0
1	1505	0.0
1	1506	0.0
1	1507	0.0
1	1508	0.0
1	1509	0.0
1	1510	0.0
1	1511	0.0
1	1512	0.0
1	1513	0.0
1	1514	0.0
1	1515	0.0
1	1516	0.0
1	1517	0.0
1	1518	0.0
1	1519	0.0
1	1520	0.0
1	1521	0.0
1	1522	0.0
1	1523	0.0
1	1524	0.0
1	1525	0.0
1	1526	0.0
1	1527	0.0
1	1528	0.0
1	1529	0.0
1	1530	0.0
1	1531	0.0
1	1532	0.0
1	1533	0.0
1	1534	0.0
1	1535	0.0
1	1536	0.0
1	1537	0.0
1	1538	0.0
1	1539	0.0
1	1540	0.0
1	1541	0.0
1	1542	0.0
1	1543	0.0
1	1544	0.0
1	1545	0.0
1	1546	0.0
1	1547	0.0
1	1548	0.0
1	1549	0.0
1	1550	0.0
1	1551	0.0
1	1552	0.0
1	1553	0.0
1	1554	0.0
1	1555	0.0
1	1556	0.0
1	1557	0.0
1	1558	0.0
1	1559	0.0
1	1560	0.0
1	1561	0.0
1	1562	0.0
1	1563	0.0
1	1564	0.0
1	1565	0.0
1	1566	0.0
1	1567	0.0
1	1568	0.0
1	1569	0.0
1	1570	0.0
1	1571	0.0
1	1572	0.0
1	1573	0.0
1	1574	0.0
1	1575	0.0
1	1576	0.0
1	1577	0.0
1	1578	0.0
1	1579	0.0
1	1580	0.0
1	1581	0.0
1	1582	0.0
1	1583	0.0
1	1584	0.0
1	1585	0.0
1	1586	0.0
1	1587	0.0
1	1588	0.0
1	1589	0.0
1	1590	0.0
1	1591	0.0
1	1592	0.0
1	1593	0.0
1	1594	0.0
1	1595	0.0
1	1596	0.0
1	1597	0.0
1	1598	0.0
1	1599	0.0
1	1600	0.0
1	1601	0.0
1	1602	0.0
1	1603	0.0
1	1604	0.0
1	1605	0.0
1	1606	0.0
1	1607	0.0
1	1608	0.0
1	1609	0.0
1	1610	0.0
1	1611	0.0
1	1612	0.0
1	1613	0.0
1	1614	0.0
1	1615	0.0
1	1616	0.0
1	1617	0.0
1	1618	0.0
1	1619	0.0
1	1620	0.0
1	1621	0.0
1	1622	0.0
1	1623	0.0
1	1624	0.0
1	1625	0.0
1	1626	0.0
1	1627	0.0
1	1628	0.0
1	1629	0.0
1	1630	0.0
1	1631	0.0
1	1632	0.0
1	1633	0.0
1	1634	0.0
1	1635	0.0
1	1636	0.0
1	1637	0.0
1	1638	0.0
1	1639	0.0
1	1640	0.0
1	1641	0.0
1	1642	0.0
1	1643	0.0
1	1644	0.0
1	1645	0.0
1	1646	0.0
1	1647	0.0
1	1648	0.0
1	1649	0.0
1	1650	0.0
1	1651	0.0
1	1652	0.0
1	1653	0.0
1	1654	0.0
1	1655	0.0
1	1656	0.0
1	1657	0.0
1	1658	0.0
1	1659	0.0
1	1660	0.0
1	1661	0.0
1	1662	0.0
1	1663	0.0
1	1664	0.0
1	1665	0.0
1	1666	0.0
1	1667	0.0
1	1668	0.0
1	1669	0.0
1	1670	0.0
1	1671	0.0
1	1672	0.0
1	1673	0.0
1	1674	0.0
1	1675	0.0
1	1676	0.0
1	1677	0.0
1	1678	0.0
1	1679	0.0
1	1680	0.0
1	1681	0.0
1	1682	0.0
1	1683	0.0
1	1684	0.0
1	1685	0.0
1	1686	0.0
1	1687	0.0
1	1688	0.0
1	1689	0.0
1	1690	0.0
1	1691	0.0
1	1692	0.0
1	1693	0.0
1	1694	0.0
1	1695	0.0
1	1696	0.0
1	1697	0.0
1	1698	0.0
1	1699	0.0
1	1700	0.0
1	1701	0.0
1	1702	0.0
1	1703	0.0
1	1704	0.0
1	1705	0.0
1	1706	0.0
1	1707	0.0
1	1708	0.0
1	1709	0.0
1	1710	0.0
1	1711	0.0
1	1712	0.0
1	1713	0.0
1	1714	0.0
1	1715	0.0
1	1716	0.0
2	1717	0.0
2	1718	0.0
2	1719	0.0
2	1720	0.0
2	1721	0.0
2	1722	0.0
2	1723	0.0
2	1724	0.0
2	1725	0.0
2	1726	0.0
2	1727	0.0
2	1728	0.0
2	1729	0.0
2	1730	0.0
2	1731	0.0
2	1732	0.0
2	1733	0.0
2	1734	0.0
2	1735	0.0
2	1736	0.0
2	1737	0.0
2	1738	0.0
2	1739	0.0
2	1740	0.0
2	1741	0.0
2	1742	0.0
2	1743	0.0
2	1744	0.0
2	1745	0.0
2	1746	0.0
2	1747	0.0
2	1748	0.0
2	1749	0.0
2	1750	0.0
2	1751	0.0
2	1752	0.0
2	1753	0.0
2	1754	0.0
2	1755	0.0
2	1756	0.0
2	1757	0.0
2	1758	0.0
2	1759	0.0
2	1760	0.0
2	1761	0.0
2	1762	0.0
2	1763	0.0
2	1764	0.0
2	1765	0.0
2	1766	0.0
2	1767	0.0
2	1768	0.0
2	1769	0.0
2	1770	0.0
2	1771	0.0
2	1772	0.0
2	1773	0.0
2	1774	0.0
2	1775	0.0
2	1776	0.0
2	1777	0.0
2	1778	0.0
2	1779	0.0
2	1780	0.0
2	1781	0.0
2	1782	0.0
2	1783	0.0
2	1784	0.0
2	1785	0.0
2	1786	0.0
2	1787	0.0
2	1788	0.0
2	1789	0.0
2	1790	0.0
2	1791	0.0
2	1792	0.0
2	1793	0.0
2	1794	0.0
2	1795	0.0
2	1796	0.0
2	1797	0.0
2	1798	0.0
2	1799	0.0
2	1800	0.0
2	1801	0.0
2	1802	0.0
2	1803	0.0
2	1804	0.0
2	1805	0.0
2	1806	0.0
2	1807	0.0
2	1808	0.0
2	1809	0.0
2	1810	0.0
2	1811	0.0
2	1812	0.0
2	1813	0.0
2	1814	0.0
2	1815	0.0
2	1816	0.0
2	1817	0.0
2	1818	0.0
2	1819	0.0
2	1820	0.0
2	1821	0.0
2	1822	0.0
2	1823	0.0
2	1824	0.0
2	1825	0.0
2	1826	0.0
2	1827	0.0
2	1828	0.0
2	1829	0.0
2	1830	0.0
2	1831	0.0
2	1832	0.0
2	1833	0.0
2	1834	0.0
2	1835	0.0
2	1836	0.0
2	1837	0.0
2	1838	0.0
2	1839	0.0
2	1840	0.0
2	1841	0.0
2	1842	0.0
2	1843	0.0
2	1844	0.0
2	1845	0.0
2	1846	0.0
2	1847	0.0
2	1848	0.0
2	1849	0.0
2	1850	0.0
2	1851	0.0
2	1852	0.0
2	1853	0.0
2	1854	0.0
2	1855	0.0
2	1856	0.0
2	1857	0.0
2	1858	0.0
2	1859	0.0
2	1860	0.0
2	1861	0.0
2	1862	0.0
2	1863	0.0
2	1864	0.0
2	1865	0.0
2	1866	0.0
2	1867	0.0
2	1868	0.0
2	1869	0.0
2	1870	0.0
2	1871	0.0
2	1872	0.0
2	1873	0.0
2	1874	0.0
2	1875	0.0
2	1876	0.0
2	1877	0.0
2	1878	0.0
2	1879	0.0
2	1880	0.0
2	1881	0.0
2	1882	0.0
2	1883	0.0
2	1884	0.0
2	1885	0.0
2	1886	0.0
2	1887	0.0
2	1888	0.0
2	1889	0.0
2	1890	0.0
2	1891	0.0
2	1892	0.0
2	1893	0.0
2	1894	0.0
2	1895	0.0
2	1896	0.0
2	1897	0.0
2	1898	0.0
2	1899	0.0
2	1900	0.0
2	1901	0.0
2	1902	0.0
2	1903	0.0
2	1904	0.0
2	1905	0.0
2	1906	0.0
2	1907	0.0
2	1908	0.0
2	1909	0.0
2	1910	0.0
2	1911	0.0
2	1912	0.0
2	1913	0.0
2	1914	0.0
2	1915	0.0
2	1916	0.0
2	1917	0.0
2	1918	0.0
2	1919	0.0
2	1920	0.0
2	1921	0.0
2	1922	0.0
2	1923	0.0
2	1924	0.0
2	1925	0.0
2	1926	0.0
2	1927	0.0
2	1928	0.0
2	1929	0.0
2	1930	0.0
2	1931	0.0
2	1932	0.0
2	1933	0.0
2	1934	0.0
2	1935	0.0
2	1936	0.0
2	1937	0.0
2	1938	0.0
2	1939	0.0
2	1940	0.0
2	1941	0.0
2	1942	0.0
2	1943	0.0
2	1944	0.0
2	1945	0.0
2	1946	0.0
2	1947	0.0
2	1948	0.0
2	1949	0.0
2	1950	0.0
2	1951	0.0
2	1952	0.0
2	1953	0.0
2	1954	0.0
2	1955	0.0
2	1956	0.0
2	1957	0.0
2	1958	0.0
2	1959	0.0
2	1960	0.0
2	1961	0.0
2	1962	0.0
2	1963	0.0
2	1964	0.0
2	1965	0.0
2	1966	0.0
2	1967	0.0
2	1968	0.0
2	1969	0.0
2	1970	0.0
2	1971	0.0
2	1972	0.0
2	1973	0.0
2	1974	0.0
2	1975	0.0
2	1976	0.0
2	1977	0.0
2	1978	0.0
2	1979	0.0
2	1980	0.0
2	1981	0.0
2	1982	0.0
2	1983	0.0
2	1984	0.0
2	1985	0.0
2	1986	0.0
2	1987	0.0
2	1988	0.0
2	1989	0.0
2	1990	0.0
2	1991	0.0
2	1992	0.0
2	1993	0.0
2	1994	0.0
2	1995	0.0
2	1996	0.0
2	1997	0.0
2	1998	0.0
2	1999	0.0
2	2000	0.0
2	2001	0.0
2	2002	0.0
2	2003	0.0
2	2004	0.0
2	2005	0.0
2	2006	0.0
2	2007	0.0
2	2008	0.0
2	2009	0.0
2	2010	0.0
2	2011	0.0
2	2012	0.0
2	2013	0.0
2	2014	0.0
2	2015	0.0
2	2016	0.0
2	2017	0.0
2	2018	0.0
2	2019	0.0
2	2020	0.0
2	2021	0.0
2	2022	0.0
2	2023	0.0
2	2024	0.0
2	2025	0.0
2	2026	0.0
2	2027	0.0
2	2028	0.0
2	2029	0.0
2	2030	0.0
2	2031	0.0
2	2032	0.0
2	2033	0.0
2	2034	0.0
2	2035	0.0
2	2036	0.0
2	2037	0.0
2	2038	0.0
2	2039	0.0
2	2040	0.0
2	2041	0.0
2	2042	0.0
2	2043	0.0
2	2044	0.0
2	2045	0.0
2	2046	0.0
2	2047	0.0
2	2048	0.0
2	2049	0.0
2	2050	0.0
2	2051	0.0
2	2052	0.0
2	2053	0.0
2	2054	0.0
2	2055	0.0
2	2056	0.0
2	2057	0.0
2	2058	0.0
2	2059	0.0
2	2060	0.0
2	2061	0.0
2	2062	0.0
2	2063	0.0
2	2064	0.0
2	2065	0.0
2	2066	0.0
2	2067	0.0
2	2068	0.0
2	2069	0.0
2	2070	0.0
2	2071	0.0
2	2072	0.0
2	2073	0.0
2	2074	0.0
2	2075	0.0
2	2076	0.0
2	2077	0.0
2	2078	0.0
2	2079	0.0
2	2080	0.0
2	2081	0.0
2	2082	0.0
2	2083	0.0
2	2084	0.0
2	2085	0.0
2	2086	0.0
2	2087	0.0
2	2088	0.0
2	2089	0.0
2	2090	0.0
2	2091	0.0
2	2092	0.0
2	2093	0.0
2	2094	0.0
2	2095	0.0
2	2096	0.0
2	2097	0.0
2	2098	0.0
2	2099	0.0
2	2100	0.0
2	2101	0.0
2	2102	0.0
2	2103	0.0
2	2104	0.0
2	2105	0.0
2	2106	0.0
2	2107	0.0
2	2108	0.0
2	2109	0.0
2	2110	0.0
2	2111	0.0
2	2112	0.0
2	2113	0.0
2	2114	0.0
2	2115	0.0
2	2116	0.0
2	2117	0.0
2	2118	0.0
2	2119	0.0
2	2120	0.0
2	2121	0.0
2	2122	0.0
2	2123	0.0
2	2124	0.0
2	2125	0.0
2	2126	0.0
2	2127	0.0
2	2128	0.0
2	2129	0.0
2	2130	0.0
2	2131	0.0
2	2132	0.0
2	2133	0.0
2	2134	0.0
2	2135	0.0
2	2136	0.0
2	2137	0.0
2	2138	0.0
2	2139	0.0
2	2140	0.0
2	2141	0.0
2	2142	0.0
2	2143	0.0
2	2144	0.0
2	2145	0.0
2	2146	0.0
2	2147	0.0
2	2148	0.0
2	2149	0.0
2	2150	0.0
2	2151	0.0
2	2152	0.0
2	2153	0.0
2	2154	0.0
2	2155	0.0
2	2156	0.0
2	2157	0.0
2	2158	0.0
2	2159	0.0
2	2160	0.0
2	2161	0.0
2	2162	0.0
2	2163	0.0
2	2164	0.0
2	2165	0.0
2	2166	0.0
2	2167	0.0
2	2168	0.0
2	2169	0.0
2	2170	0.0
2	2171	0.0
2	2172	0.0
2	2173	0.0
2	2174	0.0
2	2175	0.0
2	2176	0.0
2	2177	0.0
2	2178	0.0
2	2179	0.0
2	2180	0.0
2	2181	0.0
2	2182	0.0
2	2183	0.0
2	2184	0.0
2	2185	0.0
2	2186	0.0
2	2187	0.0
2	2188	0.0
2	2189	0.0
2	2190	0.0
2	2191	0.0
2	2192	0.0
2	2193	0.0
2	2194	0.0
2	2195	0.0
2	2196	0.0
2	2197	0.0
2	2198	0.0
2	2199	0.0
2	2200	0.0
2	2201	0.0
2	2202	0.0
2	2203	0.0
2	2204	0.0
2	2205	0.0
2	2206	0.0
2	2207	0.0
2	2208	0.0
2	2209	0.0
3	2210	0.0
3	2211	0.0
3	2212	0.0
3	2213	0.0
3	2214	0.0
3	2215	0.0
3	2216	0.0
3	2217	0.0
3	2218	0.0
3	2219	0.0
3	2220	0.0
3	2221	0.0
3	2222	0.0
3	2223	0.0
3	2224	0.0
3	2225	0.0
3	2226	0.0
3	2227	0.0
3	2228	0.0
3	2229	0.0
3	2230	0.0
3	2231	0.0
3	2232	0.0
3	2233	0.0
3	2234	0.0
3	2235	0.0
3	2236	0.0
3	2237	0.0
3	2238	0.0
3	2239	0.0
3	2240	0.0
3	2241	0.0
3	2242	0.0
3	2243	0.0
3	2244	0.0
3	2245	0.0
3	2246	0.0
3	2247	0.0
3	2248	0.0
3	2249	0.0
3	2250	0.0
3	2251	0.0
3	2252	0.0
3	2253	0.0
3	2254	0.0
3	2255	0.0
3	2256	0.0
3	2257	0.0
3	2258	0.0
3	2259	0.0
3	2260	0.0
3	2261	0.0
3	2262	0.0
3	2263	0.0
3	2264	0.0
3	2265	0.0
3	2266	0.0
3	2267	0.0
3	2268	0.0
3	2269	0.0
3	2270	0.0
3	2271	0.0
3	2272	0.0
3	2273	0.0
3	2274	0.0
3	2275	0.0
3	2276	0.0
3	2277	0.0
3	2278	0.0
3	2279	0.0
3	2280	0.0
3	2281	0.0
3	2282	0.0
3	2283	0.0
3	2284	0.0
3	2285	0.0
3	2286	0.0
3	2287	0.0
3	2288	0.0
3	2289	0.0
3	2290	0.0
3	2291	0.0
3	2292	0.0
3	2293	0.0
3	2294	0.0
3	2295	0.0
3	2296	0.0
3	2297	0.0
3	2298	0.0
3	2299	0.0
3	2300	0.0
3	2301	0.0
3	2302	0.0
3	2303	0.0
3	2304	0.0
3	2305	0.0
3	2306	0.0
3	2307	0.0
3	2308	0.0
3	2309	0.0
3	2310	0.0
3	2311	0.0
3	2312	0.0
3	2313	0.0
3	2314	0.0
3	2315	0.0
3	2316	0.0
3	2317	0.0
3	2318	0.0
3	2319	0.0
3	2320	0.0
3	2321	0.0
3	2322	0.0
3	2323	0.0
3	2324	0.0
3	2325	0.0
3	2326	0.0
3	2327	0.0
3	2328	0.0
3	2329	0.0
3	2330	0.0
3	2331	0.0
3	2332	0.0
3	2333	0.0
3	2334	0.0
3	2335	0.0
3	2336	0.0
3	2337	0.0
3	2338	0.0
3	2339	0.0
3	2340	0.0
3	2341	0.0
3	2342	0.0
3	2343	0.0
3	2344	0.0
3	2345	0.0
3	2346	0.0
3	2347	0.0
3	2348	0.0
3	2349	0.0
3	2350	0.0
3	2351	0.0
3	2352	0.0
3	2353	0.0
3	2354	0.0
3	2355	0.0
3	2356	0.0
3	2357	0.0
3	2358	0.0
3	2359	0.0
3	2360	0.0
3	2361	0.0
3	2362	0.0
3	2363	0.0
3	2364	0.0
3	2365	0.0
3	2366	0.0
3	2367	0.0
3	2368	0.0
3	2369	0.0
3	2370	0.0
3	2371	0.0
3	2372	0.0
3	2373	0.0
3	2374	0.0
3	2375	0.0
3	2376	0.0
3	2377	0.0
3	2378	0.0
3	2379	0.0
3	2380	0.0
3	2381	0.0
3	2382	0.0
3	2383	0.0
3	2384	0.0
3	2385	0.0
3	2386	0.0
3	2387	0.0
3	2388	0.0
3	2389	0.0
3	2390	0.0
3	2391	0.0
3	2392	0.0
3	2393	0.0
3	2394	0.0
3	2395	0.0
3	2396	0.0
3	2397	0.0
3	2398	0.0
3	2399	0.0
3	2400	0.0
3	2401	0.0
3	2402	0.0
3	2403	0.0
3	2404	0.0
3	2405	0.0
3	2406	0.0
3	2407	0.0
3	2408	0.0
3	2409	0.0
3	2410	0.0
3	2411	0.0
3	2412	0.0
3	2413	0.0
3	2414	0.0
3	2415	0.0
3	2416	0.0
3	2417	0.0
3	2418	0.0
3	2419	0.0
3	2420	0.0
3	2421	0.0
3	2422	0.0
3	2423	0.0
3	2424	0.0
3	2425	0.0
3	2426	0.0
3	2427	0.0
3	2428	0.0
3	2429	0.0
3	2430	0.0
3	2431	0.0
3	2432	0.0
3	2433	0.0
3	2434	0.0
3	2435	0.0
3	2436	0.0
3	2437	0.0
3	2438	0.0
3	2439	0.0
3	2440	0.0
3	2441	0.0
3	2442	0.0
3	2443	0.0
3	2444	0.0
3	2445	0.0
3	2446	0.0
3	2447	0.0
3	2448	0.0
3	2449	0.0
3	2450	0.0
3	2451	0.0
3	2452	0.0
3	2453	0.0
3	2454	0.0
3	2455	0.0
3	2456	0.0
3	2457	0.0
3	2458	0.0
3	2459	0.0
3	2460	0.0
3	2461	0.0
3	2462	0.0
3	2463	0.0
3	2464	0.0
3	2465	0.0
3	2466	0.0
3	2467	0.0
3	2468	0.0
3	2469	0.0
3	2470	0.0
3	2471	0.0
3	2472	0.0
3	2473	0.0
3	2474	0.0
3	2475	0.0
3	2476	0.0
3	2477	0.0
3	2478	0.0
3	2479	0.0
3	2480	0.0
3	2481	0.0
3	2482	0.0
3	2483	0.0
3	2484	0.0
3	2485	0.0
3	2486	0.0
3	2487	0.0
3	2488	0.0
3	2489	0.0
3	2490	0.0
3	2491	0.0
3	2492	0.0
3	2493	0.0
3	2494	0.0
3	2495	0.0
3	2496	0.0
3	2497	0.0
3	2498	0.0
3	2499	0.0
3	2500	0.0
3	2501	0.0
3	2502	0.0
3	2503	0.0
3	2504	0.0
3	2505	0.0
3	2506	0.0
3	2507	0.0
3	2508	0.0
3	2509	0.0
3	2510	0.0
3	2511	0.0
3	2512	0.0
3	2513	0.0
3	2514	0.0
3	2515	0.0
3	2516	0.0
3	2517	0.0
3	2518	0.0
3	2519	0.0
3	2520	0.0
3	2521	0.0
3	2522	0.0
3	2523	0.0
3	2524	0.0
3	2525	0.0
3	2526	0.0
3	2527	0.0
3	2528	0.0
3	2529	0.0
3	2530	0.0
3	2531	0.0
3	2532	0.0
3	2533	0.0
3	2534	0.0
3	2535	0.0
3	2536	0.0
3	2537	0.0
3	2538	0.0
3	2539	0.0
3	2540	0.0
3	2541	0.0
3	2542	0.0
3	2543	0.0
3	2544	0.0
3	2545	0.0
3	2546	0.0
3	2547	0.0
3	2548	0.0
3	2549	0.0
3	2550	0.0
3	2551	0.0
3	2552	0.0
3	2553	0.0
3	2554	0.0
3	2555	0.0
3	2556	0.0
3	2557	0.0
3	2558	0.0
3	2559	0.0
3	2560	0.0
3	2561	0.0
3	2562	0.0
3	2563	0.0
3	2564	0.0
3	2565	0.0
3	2566	0.0
3	2567	0.0
3	2568	0.0
3	2569	0.0
3	2570	0.0
3	2571	0.0
3	2572	0.0
3	2573	0.0
3	2574	0.0
3	2575	0.0
3	2576	0.0
3	2577	0.0
3	2578	0.0
3	2579	0.0
3	2580	0.0
3	2581	0.0
3	2582	0.0
3	2583	0.0
3	2584	0.0
3	2585	0.0
3	2586	0.0
3	2587	0.0
3	2588	0.0
3	2589	0.0
3	2590	0.0
3	2591	0.0
3	2592	0.0
3	2593	0.0
3	2594	0.0
3	2595	0.0
3	2596	0.0
3	2597	0.0
3	2598	0.0
3	2599	0.0
3	2600	0.0
3	2601	0.0
3	2602	0.0
3	2603	0.0
3	2604	0.0
3	2605	0.0
3	2606	0.0
3	2607	0.0
3	2608	0.0
3	2609	0.0
3	2610	0.0
3	2611	0.0
3	2612	0.0
3	2613	0.0
3	2614	0.0
3	2615	0.0
3	2616	0.0
3	2617	0.0
3	2618	0.0
3	2619	0.0
3	2620	0.0
3	2621	0.0
3	2622	0.0
3	2623	0.0
3	2624	0.0
3	2625	0.0
3	2626	0.0
3	2627	0.0
3	2628	0.0
3	2629	0.0
3	2630	0.0
3	2631	0.0
3	2632	0.0
3	2633	0.0
3	2634	0.0
3	2635	0.0
3	2636	0.0
3	2637	0.0
3	2638	0.0
3	2639	0.0
3	2640	0.0
3	2641	0.0
3	2642	0.0
3	2643	0.0
3	2644	0.0
3	2645	0.0
3	2646	0.0
3	2647	0.0
3	2648	0.0
3	2649	0.0
3	2650	0.0
3	2651	0.0
3	2652	0.0
3	2653	0.0
3	2654	0.0
3	2655	0.0
3	2656	0.0
3	2657	0.0
3	2658	0.0
3	2659	0.0
3	2660	0.0
3	2661	0.0
3	2662	0.0
3	2663	0.0
3	2664	0.0
3	2665	0.0
3	2666	0.0
3	2667	0.0
3	2668	0.0
3	2669	0.0
3	2670	0.0
3	2671	0.0
3	2672	0.0
3	2673	0.0
3	2674	0.0
3	2675	0.0
3	2676	0.0
3	2677	0.0
3	2678	0.0
3	2679	0.0
3	2680	0.0
3	2681	0.0
3	2682	0.0
3	2683	0.0
3	2684	0.0
3	2685	0.0
3	2686	0.0
3	2687	0.0
3	2688	0.0
3	2689	0.0
3	2690	0.0
3	2691	0.0
3	2692	0.0
3	2693	0.0
3	2694	0.0
3	2695	0.0
3	2696	0.0
3	2697	0.0
3	2698	0.0
4	2699	0.0
4	2700	0.0
4	2701	0.0
4	2702	0.0
4	2703	0.0
4	2704	0.0
4	2705	0.0
4	2706	0.0
4	2707	0.0
4	2708	1.0
4	2709	0.0
4	2710	0.0
4	2711	0.0
4	2712	0.0
4	2713	0.0
4	2714	0.0
4	2715	0.0
4	2716	0.0
4	2717	0.0
4	2718	0.0
4	2719	0.0
4	2720	0.0
4	2721	0.0
4	2722	0.0
4	2723	0.0
4	2724	0.0
4	2725	0.0
4	2726	0.0
4	2727	0.0
4	2728	0.0
4	2729	0.0
4	2730	0.0
4	2731	0.0
4	2732	0.0
4	2733	0.0
4	2734	0.0
4	2735	0.0
4	2736	0.0
4	2737	0.0
4	2738	0.0
4	2739	0.0
4	2740	1.0
4	2741	0.0
4	2742	0.0
4	2743	0.0
4	2744	0.0
4	2745	0.0
4	2746	0.0
4	2747	0.0
4	2748	0.0
4	2749	0.0
4	2750	0.0
4	2751	0.0
4	2752	0.0
4	2753	0.0
4	2754	0.0
4	2755	0.0
4	2756	0.0
4	2757	0.0
4	2758	0.0
4	2759	0.0
4	2760	0.0
4	2761	0.0
4	2762	0.0
4	2763	0.0
4	2764	0.0
4	2765	0.0
4	2766	0.0
4	2767	0.0
4	2768	0.0
4	2769	0.0
4	2770	0.0
4	2771	0.0
4	2772	0.0
4	2773	0.0
4	2774	0.0
4	2775	0.0
4	2776	0.0
4	2777	0.0
4	2778	0.0
4	2779	0.0
4	2780	0.0
4	2781	0.0
4	2782	0.0
4	2783	0.0
4	2784	0.0
4	2785	0.0
4	2786	0.0
4	2787	0.0
4	2788	0.0
4	2789	0.0
4	2790	0.0
4	2791	0.0
4	2792	0.0
4	2793	0.0
4	2794	0.0
4	2795	0.0
4	2796	0.0
4	2797	0.0
4	2798	0.0
4	2799	0.0
4	2800	0.0
4	2801	0.0
4	2802	0.0
4	2803	0.0
4	2804	0.0
4	2805	0.0
4	2806	0.0
4	2807	0.0
4	2808	0.0
4	2809	0.0
4	2810	0.0
4	2811	0.0
4	2812	0.0
4	2813	0.0
4	2814	0.0
4	2815	0.0
4	2816	0.0
4	2817	0.0
4	2818	0.0
4	2819	0.0
4	2820	0.0
4	2821	0.0
4	2822	0.0
4	2823	0.0
4	2824	0.0
4	2825	0.0
4	2826	0.0
4	2827	0.0
4	2828	0.0
4	2829	0.0
4	2830	0.0
4	2831	0.0
4	2832	0.0
4	2833	0.0
4	2834	0.0
4	2835	0.0
4	2836	0.0
4	2837	0.0
4	2838	0.0
4	2839	0.0
4	2840	0.0
4	2841	0.0
4	2842	0.0
4	2843	0.0
4	2844	0.0
4	2845	0.0
4	2846	0.0
4	2847	0.0
4	2848	0.0
4	2849	0.0
4	2850	0.0
4	2851	0.0
4	2852	0.0
4	2853	0.0
4	2854	0.0
4	2855	0.0
4	2856	0.0
4	2857	0.0
4	2858	0.0
4	2859	0.0
4	2860	0.0
4	2861	0.0
4	2862	0.0
4	2863	0.0
4	2864	0.0
4	2865	0.0
4	2866	0.0
4	2867	0.0
4	2868	0.0
4	2869	0.0
4	2870	0.0
4	2871	0.0
4	2872	0.0
4	2873	0.0
4	2874	0.0
4	2875	0.0
4	2876	0.0
4	2877	0.0
4	2878	0.0
4	2879	0.0
4	2880	0.0
4	2881	0.0
4	2882	0.0
4	2883	0.0
4	2884	0.0
4	2885	0.0
4	2886	0.0
4	2887	0.0
4	2888	0.0
4	2889	0.0
4	2890	0.0
4	2891	0.0
4	2892	0.0
4	2893	0.0
4	2894	0.0
4	2895	0.0
4	2896	0.0
4	2897	0.0
4	2898	0.0
4	2899	0.0
4	2900	0.0
4	2901	0.0
4	2902	0.0
4	2903	0.0
4	2904	0.0
4	2905	0.0
4	2906	0.0
4	2907	0.0
4	2908	0.0
4	2909	1.0
4	2910	0.0
4	2911	0.0
4	2912	0.0
4	2913	1.0
4	2914	0.0
4	2915	0.0
4	2916	0.0
4	2917	1.0
4	2918	0.0
4	2919	0.0
4	2920	0.0
4	2921	0.0
4	2922	0.0
4	2923	0.0
4	2924	0.0
4	2925	1.0
4	2926	0.0
4	2927	0.0
4	2928	0.0
4	2929	1.0
4	2930	0.0
4	2931	0.0
4	2932	0.0
4	2933	0.0
4	2934	0.0
4	2935	0.0
4	2936	0.0
4	2937	1.0
4	2938	0.0
4	2939	0.0
4	2940	0.0
4	2941	0.0
4	2942	0.0
4	2943	0.0
4	2944	0.0
4	2945	0.0
4	2946	0.0
4	2947	0.0
4	2948	0.0
4	2949	0.0
4	2950	0.0
4	2951	0.0
4	2952	0.0
4	2953	0.0
4	2954	0.0
4	2955	0.0
4	2956	0.0
4	2957	0.0
4	2958	0.0
4	2959	0.0
4	2960	1.0
4	2961	0.0
4	2962	1.0
4	2963	0.0
4	2964	0.0
4	2965	0.0
4	2966	0.0
4	2967	0.0
4	2968	1.0
4	2969	1.0
4	2970	0.0
4	2971	0.0
4	2972	0.0
4	2973	0.0
4	2974	0.0
4	2975	0.0
4	2976	0.0
4	2977	0.0
4	2978	0.0
4	2979	0.0
4	2980	0.0
4	2981	0.0
4	2982	0.0
4	2983	0.0
4	2984	0.0
4	2985	0.0
4	2986	0.0
4	2987	0.0
4	2988	0.0
4	2989	0.0
4	2990	0.0
4	2991	0.0
4	2992	0.0
4	2993	1.0
4	2994	0.0
4	2995	0.0
4	2996	0.0
4	2997	0.0
4	2998	0.0
4	2999	0.0
4	3000	0.0
4	3001	0.0
4	3002	0.0
4	3003	1.0
4	3004	0.0
4	3005	0.0
4	3006	0.0
4	3007	1.0
4	3008	0.0
4	3009	0.0
4	3010	0.0
4	3011	0.0
4	3012	0.0
4	3013	0.0
4	3014	0.0
4	3015	1.0
4	3016	0.0
4	3017	0.0
4	3018	1.0
4	3019	0.0
4	3020	0.0
4	3021	0.0
4	3022	0.0
4	3023	0.0
4	3024	0.0
4	3025	0.0
4	3026	1.0
4	3027	0.0
4	3028	0.0
4	3029	0.0
4	3030	0.0
4	3031	0.0
4	3032	0.0
4	3033	0.0
4	3034	0.0
4	3035	0.0
4	3036	0.0
4	3037	0.0
4	3038	1.0
4	3039	0.0
4	3040	0.0
4	3041	0.0
4	3042	0.0
4	3043	0.0
4	3044	0.0
4	3045	0.0
4	3046	0.0
4	3047	0.0
4	3048	0.0
4	3049	0.0
4	3050	0.0
4	3051	0.0
4	3052	0.0
4	3053	0.0
4	3054	0.0
4	3055	0.0
4	3056	0.0
4	3057	0.0
4	3058	0.0
4	3059	0.0
4	3060	0.0
4	3061	0.0
4	3062	0.0
4	3063	0.0
4	3064	0.0
4	3065	0.0
4	3066	0.0
4	3067	0.0
4	3068	0.0
4	3069	0.0
4	3070	0.0
4	3071	0.0
4	3072	0.0
4	3073	0.0
4	3074	0.0
4	3075	0.0
4	3076	0.0
4	3077	0.0
4	3078	0.0
4	3079	0.0
4	3080	0.0
4	3081	0.0
4	3082	0.0
4	3083	0.0
4	3084	0.0
4	3085	0.0
4	3086	0.0
4	3087	0.0
4	3088	0.0
4	3089	0.0
4	3090	0.0
4	3091	0.0
4	3092	0.0
4	3093	0.0
4	3094	0.0
4	3095	0.0
4	3096	0.0
4	3097	0.0
4	3098	0.0
4	3099	0.0
4	3100	0.0
4	3101	0.0
4	3102	0.0
4	3103	0.0
4	3104	0.0
4	3105	0.0
4	3106	0.0
4	3107	0.0
4	3108	0.0
4	3109	0.0
4	3110	0.0
4	3111	0.0
4	3112	0.0
4	3113	0.0
4	3114	0.0
4	3115	0.0
4	3116	0.0
4	3117	0.0
4	3118	0.0
4	3119	0.0
4	3120	0.0
4	3121	0.0
4	3122	0.0
4	3123	0.0
4	3124	0.0
4	3125	0.0
4	3126	0.0
4	3127	0.0
4	3128	0.0
4	3129	0.0
4	3130	0.0
4	3131	0.0
4	3132	0.0
4	3133	0.0
4	3134	0.0
4	3135	0.0
4	3136	0.0
4	3137	0.0
4	3138	0.0
4	3139	0.0
4	3140	0.0
4	3141	0.0
4	3142	0.0
4	3143	0.0
4	3144	0.0
4	3145	0.0
4	3146	0.0
4	3147	0.0
4	3148	0.0
4	3149	0.0
4	3150	0.0
4	3151	0.0
4	3152	0.0
4	3153	0.0
4	3154	0.0
4	3155	0.0
4	3156	0.0
4	3157	0.0
4	3158	0.0
4	3159	0.0
4	3160	0.0
4	3161	0.0
4	3162	0.0
4	3163	0.0
4	3164	0.0
4	3165	0.0
4	3166	0.0
4	3167	0.0
4	3168	0.0
4	3169	0.0
4	3170	0.0
4	3171	0.0
4	3172	0.0
4	3173	0.0
4	3174	0.0
4	3175	0.0
4	3176	0.0
4	3177	0.0
4	3178	0.0
4	3179	0.0
4	3180	0.0
4	3181	0.0
4	3182	0.0
4	3183	0.0
4	3184	0.0
4	3185	0.0
4	3186	0.0
4	3187	0.0
4	3188	0.0
4	3189	0.0
4	3190	0.0
4	3191	0.0
4	3192	0.0
4	3193	0.0
4	3194	0.0
4	3195	0.0
4	3196	0.0
4	3197	0.0
4	3198	0.0
4	3199	0.0
4	3200	0.0
4	3201	0.0
4	3202	0.0
4	3203	0.0
4	3204	0.0
4	3205	0.0
4	3206	0.0
4	3207	0.0
4	3208	0.0
4	3209	0.0
4	3210	0.0
4	3211	0.0
4	3212	0.0
4	3213	0.0
4	3214	0.0
4	3215	0.0
4	3216	0.0
4	3217	0.0
4	3218	0.0
4	3219	0.0
4	3220	0.0
4	3221	0.0
4	3222	0.0
4	3223	0.0
4	3224	0.0
4	3225	0.0
4	3226	0.0
4	3227	0.0
4	3228	0.0
4	3229	0.0
4	3230	0.0
4	3231	0.0
4	3232	0.0
4	3233	0.0
4	3234	0.0
4	3235	0.0
4	3236	0.0
4	3237	0.0
4	3238	0.0
4	3239	0.0
4	3240	0.0
4	3241	0.0
4	3242	0.0
4	3243	0.0
4	3244	0.0
4	3245	0.0
4	3246	0.0
4	3247	0.0
4	3248	0.0
4	3249	0.0
4	3250	0.0
4	3251	0.0
4	3252	0.0
4	3253	0.0
4	3254	0.0
4	3255	0.0
4	3256	0.0
4	3257	0.0
4	3258	0.0
4	3259	0.0
4	3260	0.0
4	3261	0.0
4	3262	0.0
4	3263	0.0
4	3264	0.0
4	3265	0.0
4	3266	0.0
4	3267	0.0
4	3268	0.0
4	3269	0.0
4	3270	0.0
4	3271	0.0
4	3272	0.0
4	3273	0.0
4	3274	0.0
4	3275	0.0
4	3276	0.0
4	3277	0.0
4	3278	0.0
4	3279	0.0
4	3280	0.0
4	3281	0.0
4	3282	0.0
4	3283	0.0
4	3284	0.0
4	3285	0.0
4	3286	0.0
4	3287	0.0
4	3288	0.0
4	3289	0.0
4	3290	0.0
4	3291	0.0
4	3292	0.0
4	3293	0.0
4	3294	0.0
4	3295	0.0
4	3296	0.0
4	3297	0.0
4	3298	0.0
4	3299	0.0
4	3300	0.0
4	3301	0.0
4	3302	0.0
4	3303	0.0
4	3304	0.0
4	3305	0.0
4	3306	0.0
4	3307	0.0
4	3308	0.0
4	3309	0.0
4	3310	0.0
4	3311	0.0
4	3312	0.0
4	3313	0.0
4	3314	0.0
4	3315	0.0
4	3316	0.0
4	3317	0.0
4	3318	0.0
4	3319	0.0
4	3320	0.0
4	3321	0.0
4	3322	0.0
4	3323	0.0
4	3324	0.0
4	3325	0.0
4	3326	0.0
4	3327	0.0
4	3328	0.0
4	3329	0.0
4	3330	0.0
4	3331	0.0
4	3332	0.0
4	3333	0.0
4	3334	0.0
4	3335	0.0
4	3336	0.0
4	3337	0.0
4	3338	0.0
4	3339	0.0
4	3340	0.0
4	3341	0.0
4	3342	0.0
4	3343	0.0
4	3344	0.0
4	3345	0.0
4	3346	0.0
4	3347	0.0
4	3348	0.0
4	3349	0.0
4	3350	0.0
4	3351	0.0
4	3352	0.0
4	3353	0.0
4	3354	0.0
4	3355	0.0
4	3356	0.0
4	3357	0.0
4	3358	0.0
4	3359	0.0
4	3360	0.0
5	3361	0.0
5	3362	0.0
5	3363	0.0
5	3364	0.0
5	3365	0.0
5	3366	0.0
5	3367	0.0
5	3368	0.0
5	3369	0.0
5	3370	0.0
5	3371	0.0
5	3372	0.0
5	3373	0.0
5	3374	0.0
5	3375	0.0
5	3376	0.0
5	3377	0.0
5	3378	0.0
5	3379	0.0
5	3380	0.0
5	3381	0.0
5	3382	0.0
5	3383	0.0
5	3384	0.0
5	3385	0.0
5	3386	0.0
5	3387	0.0
5	3388	0.0
5	3389	0.0
5	3390	0.0
5	3391	0.0
5	3392	0.0
5	3393	0.0
5	3394	0.0
5	3395	0.0
5	3396	0.0
5	3397	0.0
5	3398	0.0
5	3399	0.0
5	3400	0.0
5	3401	0.0
5	3402	0.0
5	3403	0.0
5	3404	0.0
5	3405	0.0
5	3406	0.0
5	3407	0.0
5	3408	0.0
5	3409	0.0
5	3410	0.0
5	3411	0.0
5	3412	0.0
5	3413	0.0
5	3414	0.0
5	3415	0.0
5	3416	0.0
5	3417	0.0
5	3418	0.0
5	3419	0.0
5	3420	0.0
5	3421	0.0
5	3422	0.0
5	3423	0.0
5	3424	0.0
5	3425	0.0
5	3426	0.0
5	3427	0.0
5	3428	0.0
5	3429	0.0
5	3430	0.0
5	3431	0.0
5	3432	0.0
5	3433	0.0
5	3434	0.0
5	3435	0.0
5	3436	0.0
5	3437	0.0
5	3438	0.0
5	3439	0.0
5	3440	0.0
5	3441	0.0
5	3442	0.0
5	3443	0.0
5	3444	0.0
5	3445	0.0
5	3446	0.0
5	3447	0.0
5	3448	0.0
5	3449	0.0
5	3450	0.0
5	3451	0.0
5	3452	0.0
5	3453	0.0
5	3454	0.0
5	3455	0.0
5	3456	0.0
5	3457	0.0
5	3458	0.0
5	3459	0.0
5	3460	0.0
5	3461	0.0
5	3462	0.0
5	3463	0.0
5	3464	0.0
5	3465	0.0
5	3466	0.0
5	3467	0.0
5	3468	0.0
5	3469	0.0
5	3470	0.0
5	3471	0.0
5	3472	0.0
5	3473	0.0
5	3474	0.0
5	3475	0.0
5	3476	0.0
5	3477	0.0
5	3478	0.0
5	3479	0.0
5	3480	0.0
5	3481	0.0
5	3482	0.0
5	3483	0.0
5	3484	0.0
5	3485	0.0
5	3486	0.0
5	3487	0.0
5	3488	0.0
5	3489	0.0
5	3490	0.0
5	3491	0.0
5	3492	0.0
5	3493	0.0
5	3494	0.0
5	3495	0.0
5	3496	0.0
5	3497	0.0
5	3498	0.0
5	3499	0.0
5	3500	0.0
5	3501	0.0
5	3502	0.0
5	3503	0.0
5	3504	0.0
5	3505	0.0
5	3506	0.0
5	3507	0.0
5	3508	0.0
5	3509	0.0
5	3510	0.0
5	3511	0.0
5	3512	0.0
5	3513	0.0
5	3514	0.0
5	3515	0.0
5	3516	0.0
5	3517	0.0
5	3518	0.0
5	3519	0.0
5	3520	0.0
5	3521	0.0
5	3522	0.0
5	3523	0.0
5	3524	0.0
5	3525	0.0
5	3526	0.0
5	3527	0.0
5	3528	0.0
5	3529	0.0
5	3530	0.0
5	3531	0.0
5	3532	0.0
5	3533	0.0
5	3534	0.0
5	3535	0.0
5	3536	0.0
5	3537	0.0
5	3538	0.0
5	3539	0.0
5	3540	0.0
5	3541	0.0
5	3542	0.0
5	3543	0.0
5	3544	0.0
5	3545	0.0
5	3546	0.0
5	3547	0.0
5	3548	0.0
5	3549	0.0
5	3550	0.0
5	3551	0.0
5	3552	0.0
5	3553	0.0
5	3554	0.0
5	3555	0.0
5	3556	0.0
5	3557	0.0
5	3558	0.0
5	3559	0.0
5	3560	0.0
5	3561	0.0
5	3562	0.0
5	3563	0.0
5	3564	0.0
5	3565	0.0
5	3566	0.0
5	3567	0.0
5	3568	0.0
5	3569	0.0
5	3570	0.0
5	3571	0.0
5	3572	0.0
5	3573	0.0
5	3574	0.0
5	3575	0.0
5	3576	0.0
5	3577	0.0
5	3578	0.0
5	3579	0.0
5	3580	0.0
5	3581	0.0
5	3582	0.0
5	3583	0.0
5	3584	0.0
5	3585	0.0
5	3586	0.0
5	3587	0.0
5	3588	0.0
5	3589	0.0
5	3590	0.0
5	3591	0.0
5	3592	0.0
5	3593	0.0
5	3594	0.0
5	3595	0.0
5	3596	0.0
5	3597	0.0
5	3598	0.0
5	3599	0.0
5	3600	0.0
5	3601	0.0
5	3602	0.0
5	3603	0.0
5	3604	0.0
5	3605	0.0
5	3606	0.0
5	3607	0.0
5	3608	0.0
5	3609	0.0
5	3610	0.0
5	3611	0.0
5	3612	0.0
5	3613	0.0
5	3614	0.0
5	3615	0.0
5	3616	0.0
5	3617	0.0
5	3618	0.0
5	3619	0.0
5	3620	0.0
5	3621	0.0
5	3622	0.0
5	3623	0.0
5	3624	0.0
5	3625	0.0
5	3626	0.0
5	3627	0.0
5	3628	0.0
5	3629	0.0
5	3630	0.0
5	3631	0.0
5	3632	0.0
5	3633	0.0
5	3634	0.0
5	3635	0.0
5	3636	0.0
5	3637	0.0
5	3638	0.0
5	3639	0.0
5	3640	0.0
5	3641	0.0
5	3642	0.0
5	3643	0.0
5	3644	0.0
5	3645	0.0
5	3646	0.0
5	3647	0.0
5	3648	0.0
5	3649	0.0
5	3650	0.0
5	3651	0.0
5	3652	0.0
5	3653	0.0
5	3654	0.0
5	3655	0.0
5	3656	0.0
5	3657	0.0
5	3658	0.0
5	3659	0.0
5	3660	0.0
5	3661	0.0
5	3662	0.0
5	3663	0.0
5	3664	0.0
5	3665	0.0
5	3666	0.0
5	3667	0.0
5	3668	0.0
5	3669	0.0
5	3670	0.0
5	3671	0.0
5	3672	0.0
5	3673	0.0
5	3674	0.0
5	3675	0.0
5	3676	0.0
5	3677	0.0
5	3678	0.0
5	3679	0.0
5	3680	0.0
5	3681	0.0
5	3682	0.0
5	3683	0.0
5	3684	0.0
5	3685	0.0
5	3686	0.0
5	3687	0.0
5	3688	0.0
5	3689	0.0
5	3690	0.0
5	3691	0.0
5	3692	0.0
5	3693	0.0
5	3694	0.0
5	3695	0.0
5	3696	0.0
5	3697	0.0
5	3698	0.0
5	3699	0.0
5	3700	0.0
5	3701	0.0
5	3702	0.0
5	3703	0.0
5	3704	0.0
5	3705	0.0
5	3706	0.0
5	3707	0.0
5	3708	0.0
5	3709	0.0
5	3710	0.0
5	3711	0.0
5	3712	0.0
5	3713	0.0
5	3714	0.0
5	3715	0.0
5	3716	0.0
5	3717	0.0
5	3718	0.0
5	3719	0.0
5	3720	0.0
5	3721	0.0
5	3722	0.0
5	3723	0.0
5	3724	0.0
5	3725	0.0
5	3726	0.0
5	3727	0.0
5	3728	0.0
5	3729	0.0
5	3730	0.0
5	3731	0.0
5	3732	0.0
5	3733	0.0
5	3734	0.0
5	3735	0.0
5	3736	0.0
5	3737	0.0
5	3738	0.0
5	3739	0.0
5	3740	0.0
5	3741	0.0
5	3742	0.0
5	3743	0.0
5	3744	0.0
5	3745	0.0
5	3746	0.0
5	3747	0.0
5	3748	0.0
5	3749	0.0
5	3750	0.0
5	3751	0.0
5	3752	0.0
5	3753	0.0
5	3754	0.0
5	3755	0.0
5	3756	0.0
5	3757	0.0
5	3758	0.0
5	3759	0.0
5	3760	0.0
5	3761	0.0
5	3762	0.0
5	3763	0.0
5	3764	0.0
5	3765	0.0
5	3766	0.0
5	3767	0.0
5	3768	0.0
5	3769	0.0
5	3770	0.0
5	3771	0.0
5	3772	0.0
5	3773	0.0
5	3774	0.0
5	3775	0.0
5	3776	0.0
5	3777	0.0
5	3778	0.0
5	3779	0.0
6	3780	0.0
6	3781	0.0
6	3782	0.0
6	3783	0.0
6	3784	0.0
6	3785	0.0
6	3786	0.0
6	3787	0.0
6	3788	0.0
6	3789	0.0
6	3790	0.0
6	3791	0.0
6	3792	0.0
6	3793	0.0
6	3794	0.0
6	3795	0.0
6	3796	0.0
6	3797	0.0
6	3798	0.0
6	3799	0.0
6	3800	0.0
6	3801	0.0
6	3802	0.0
6	3803	0.0
6	3804	0.0
6	3805	0.0
6	3806	0.0
6	3807	0.0
6	3808	0.0
6	3809	0.0
6	3810	0.0
6	3811	0.0
6	3812	0.0
6	3813	0.0
6	3814	0.0
6	3815	0.0
6	3816	0.0
6	3817	0.0
6	3818	0.0
6	3819	0.0
6	3820	0.0
6	3821	0.0
6	3822	0.0
6	3823	0.0
6	3824	0.0
6	3825	0.0
6	3826	0.0
6	3827	0.0
6	3828	0.0
6	3829	0.0
6	3830	0.0
6	3831	0.0
6	3832	0.0
6	3833	0.0
6	3834	0.0
6	3835	0.0
6	3836	0.0
6	3837	0.0
6	3838	0.0
6	3839	0.0
6	3840	0.0
6	3841	0.0
6	3842	0.0
6	3843	0.0
6	3844	0.0
6	3845	0.0
6	3846	0.0
6	3847	0.0
6	3848	0.0
6	3849	0.0
6	3850	0.0
6	3851	0.0
6	3852	0.0
6	3853	0.0
6	3854	0.0
6	3855	0.0
6	3856	0.0
6	3857	0.0
6	3858	0.0
6	3859	0.0
6	3860	0.0
6	3861	0.0
6	3862	0.0
6	3863	0.0
6	3864	0.0
6	3865	0.0
6	3866	0.0
6	3867	0.0
6	3868	0.0
6	3869	0.0
6	3870	0.0
6	3871	0.0
6	3872	0.0
6	3873	0.0
6	3874	0.0
6	3875	0.0
6	3876	0.0
6	3877	0.0
6	3878	0.0
6	3879	0.0
6	3880	0.0
6	3881	0.0
6	3882	0.0
6	3883	0.0
6	3884	0.0
6	3885	0.0
6	3886	0.0
6	3887	0.0
6	3888	0.0
6	3889	0.0
6	3890	0.0
6	3891	0.0
6	3892	0.0
6	3893	0.0
6	3894	0.0
6	3895	0.0
6	3896	0.0
6	3897	0.0
6	3898	0.0
6	3899	0.0
6	3900	0.0
6	3901	1.0
6	3902	0.0
6	3903	0.0
6	3904	0.0
6	3905	0.0
6	3906	0.0
6	3907	0.0
6	3908	0.0
6	3909	0.0
6	3910	0.0
6	3911	0.0
6	3912	0.0
6	3913	0.0
6	3914	0.0
6	3915	0.0
6	3916	0.0
6	3917	0.0
6	3918	0.0
6	3919	0.0
6	3920	0.0
6	3921	0.0
6	3922	0.0
6	3923	0.0
6	3924	0.0
6	3925	0.0
6	3926	0.0
6	3927	0.0
6	3928	0.0
6	3929	0.0
6	3930	0.0
6	3931	0.0
6	3932	0.0
6	3933	0.0
6	3934	0.0
6	3935	0.0
6	3936	0.0
6	3937	0.0
6	3938	0.0
6	3939	0.0
6	3940	0.0
6	3941	0.0
6	3942	0.0
6	3943	0.0
6	3944	0.0
6	3945	0.0
6	3946	0.0
6	3947	0.0
6	3948	0.0
6	3949	0.0
6	3950	0.0
6	3951	0.0
6	3952	0.0
6	3953	0.0
6	3954	0.0
6	3955	0.0
6	3956	0.0
6	3957	0.0
6	3958	0.0
6	3959	0.0
6	3960	0.0
6	3961	0.0
6	3962	0.0
6	3963	0.0
6	3964	0.0
6	3965	0.0
6	3966	0.0
6	3967	0.0
6	3968	0.0
6	3969	0.0
6	3970	0.0
6	3971	0.0
6	3972	0.0
6	3973	0.0
6	3974	0.0
6	3975	0.0
6	3976	0.0
6	3977	0.0
6	3978	0.0
6	3979	0.0
6	3980	0.0
6	3981	0.0
6	3982	0.0
6	3983	0.0
6	3984	0.0
6	3985	0.0
6	3986	0.0
6	3987	0.0
6	3988	0.0
6	3989	0.0
6	3990	0.0
6	3991	0.0
6	3992	0.0
6	3993	0.0
6	3994	0.0
6	3995	0.0
6	3996	0.0
6	3997	0.0
6	3998	0.0
6	3999	0.0
6	4000	0.0
6	4001	0.0
6	4002	0.0
6	4003	0.0
6	4004	0.0
6	4005	0.0
6	4006	0.0
6	4007	0.0
6	4008	0.0
6	4009	0.0
6	4010	0.0
6	4011	0.0
6	4012	0.0
6	4013	0.0
6	4014	0.0
6	4015	0.0
6	4016	0.0
6	4017	0.0
6	4018	0.0
6	4019	0.0
6	4020	0.0
6	4021	0.0
6	4022	0.0
6	4023	0.0
6	4024	0.0
6	4025	0.0
6	4026	0.0
6	4027	0.0
6	4028	0.0
6	4029	0.0
6	4030	0.0
6	4031	0.0
6	4032	0.0
6	4033	0.0
6	4034	0.0
6	4035	0.0
6	4036	0.0
6	4037	0.0
6	4038	0.0
6	4039	0.0
6	4040	0.0
6	4041	0.0
6	4042	0.0
6	4043	0.0
6	4044	0.0
6	4045	0.0
6	4046	0.0
6	4047	0.0
6	4048	0.0
6	4049	0.0
6	4050	0.0
6	4051	0.0
6	4052	0.0
6	4053	0.0
6	4054	0.0
6	4055	0.0
6	4056	0.0
6	4057	0.0
6	4058	0.0
6	4059	0.0
6	4060	0.0
6	4061	0.0
6	4062	0.0
6	4063	0.0
6	4064	0.0
6	4065	0.0
6	4066	0.0
6	4067	0.0
6	4068	0.0
6	4069	0.0
6	4070	0.0
6	4071	0.0
6	4072	0.0
6	4073	0.0
6	4074	0.0
6	4075	0.0
6	4076	0.0
6	4077	0.0
6	4078	0.0
6	4079	0.0
6	4080	0.0
6	4081	0.0
6	4082	0.0
6	4083	0.0
6	4084	0.0
6	4085	0.0
6	4086	0.0
6	4087	0.0
6	4088	0.0
6	4089	0.0
6	4090	0.0
6	4091	0.0
6	4092	0.0
6	4093	0.0
6	4094	0.0
6	4095	0.0
6	4096	0.0
6	4097	0.0
6	4098	0.0
6	4099	0.0
6	4100	0.0
6	4101	0.0
6	4102	0.0
6	4103	0.0
6	4104	0.0
6	4105	0.0
6	4106	0.0
6	4107	0.0
6	4108	0.0
6	4109	0.0
6	4110	0.0
6	4111	0.0
6	4112	0.0
6	4113	0.0
6	4114	0.0
6	4115	0.0
6	4116	0.0
6	4117	0.0
6	4118	0.0
6	4119	0.0
6	4120	0.0
6	4121	0.0
6	4122	0.0
6	4123	0.0
6	4124	0.0
6	4125	0.0
6	4126	0.0
6	4127	0.0
6	4128	0.0
6	4129	0.0
6	4130	0.0
6	4131	0.0
6	4132	0.0
6	4133	0.0
6	4134	0.0
6	4135	0.0
6	4136	0.0
6	4137	0.0
6	4138	0.0
6	4139	0.0
6	4140	0.0
6	4141	0.0
6	4142	0.0
6	4143	0.0
6	4144	0.0
6	4145	0.0
6	4146	0.0
6	4147	0.0
6	4148	0.0
6	4149	0.0
6	4150	0.0
6	4151	0.0
6	4152	0.0
6	4153	0.0
6	4154	0.0
6	4155	0.0
6	4156	0.0
6	4157	0.0
6	4158	0.0
6	4159	0.0
6	4160	0.0
6	4161	0.0
6	4162	0.0
6	4163	0.0
6	4164	0.0
6	4165	0.0
6	4166	0.0
6	4167	0.0
6	4168	0.0
6	4169	0.0
6	4170	0.0
6	4171	0.0
6	4172	0.0
6	4173	0.0
6	4174	0.0
6	4175	0.0
6	4176	0.0
6	4177	0.0
6	4178	0.0
6	4179	0.0
6	4180	0.0
6	4181	0.0
6	4182	0.0
6	4183	0.0
6	4184	0.0
6	4185	0.0
6	4186	0.0
6	4187	0.0
6	4188	0.0
6	4189	0.0
6	4190	0.0
6	4191	0.0
6	4192	0.0
6	4193	0.0
6	4194	0.0
6	4195	0.0
6	4196	0.0
6	4197	0.0
6	4198	0.0
6	4199	0.0
6	4200	0.0
6	4201	0.0
6	4202	0.0
6	4203	0.0
6	4204	0.0
6	4205	0.0
6	4206	0.0
6	4207	0.0
6	4208	0.0
6	4209	0.0
6	4210	0.0
6	4211	0.0
6	4212	0.0
6	4213	0.0
6	4214	0.0
6	4215	0.0
6	4216	0.0
6	4217	0.0
6	4218	0.0
6	4219	0.0
6	4220	0.0
6	4221	0.0
6	4222	0.0
6	4223	0.0
6	4224	0.0
6	4225	0.0
6	4226	0.0
6	4227	0.0
6	4228	0.0
6	4229	0.0
6	4230	0.0
6	4231	0.0
6	4232	0.0
6	4233	0.0
6	4234	0.0
6	4235	0.0
6	4236	0.0
6	4237	0.0
6	4238	0.0
6	4239	0.0
6	4240	0.0
6	4241	0.0
6	4242	0.0
6	4243	0.0
6	4244	0.0
6	4245	0.0
6	4246	0.0
6	4247	0.0
6	4248	0.0
6	4249	0.0
6	4250	0.0
6	4251	0.0
6	4252	0.0
6	4253	0.0
6	4254	0.0
6	4255	0.0
6	4256	0.0
6	4257	0.0
6	4258	0.0
6	4259	0.0
6	4260	0.0
6	4261	0.0
6	4262	0.0
6	4263	0.0
6	4264	0.0
6	4265	0.0
6	4266	0.0
6	4267	0.0
6	4268	0.0
6	4269	0.0
6	4270	0.0
6	4271	0.0
6	4272	0.0
6	4273	0.0
6	4274	0.0
6	4275	0.0
6	4276	0.0
6	4277	0.0
6	4278	0.0
6	4279	0.0
6	4280	0.0
6	4281	0.0
6	4282	0.0
6	4283	0.0
6	4284	0.0
6	4285	0.0
6	4286	0.0
6	4287	0.0
6	4288	0.0
6	4289	0.0
6	4290	0.0
6	4291	0.0
6	4292	0.0
6	4293	0.0
6	4294	0.0
6	4295	0.0
6	4296	0.0
6	4297	0.0
6	4298	0.0
6	4299	0.0
6	4300	0.0
6	4301	0.0
6	4302	0.0
6	4303	0.0
6	4304	0.0
6	4305	0.0
6	4306	0.0
6	4307	0.0
7	4308	0.0
7	4309	0.0
7	4310	0.0
7	4311	0.0
7	4312	0.0
7	4313	0.0
7	4314	0.0
7	4315	0.0
7	4316	0.0
7	4317	0.0
7	4318	0.0
7	4319	0.0
7	4320	0.0
7	4321	0.0
7	4322	0.0
7	4323	0.0
7	4324	0.0
7	4325	0.0
7	4326	0.0
7	4327	0.0
7	4328	0.0
7	4329	0.0
7	4330	0.0
7	4331	0.0
7	4332	0.0
7	4333	0.0
7	4334	0.0
7	4335	0.0
7	4336	0.0
7	4337	0.0
7	4338	0.0
7	4339	0.0
7	4340	0.0
7	4341	0.0
7	4342	0.0
7	4343	0.0
7	4344	0.0
7	4345	0.0
7	4346	0.0
7	4347	0.0
7	4348	0.0
7	4349	0.0
7	4350	0.0
7	4351	0.0
7	4352	0.0
7	4353	0.0
7	4354	0.0
7	4355	0.0
7	4356	0.0
7	4357	0.0
7	4358	0.0
7	4359	0.0
7	4360	0.0
7	4361	0.0
7	4362	0.0
7	4363	0.0
7	4364	0.0
7	4365	0.0
7	4366	0.0
7	4367	0.0
7	4368	0.0
7	4369	0.0
7	4370	0.0
7	4371	0.0
7	4372	0.0
7	4373	0.0
7	4374	0.0
7	4375	0.0
7	4376	0.0
7	4377	0.0
7	4378	0.0
7	4379	0.0
7	4380	0.0
7	4381	0.0
7	4382	0.0
7	4383	0.0
7	4384	0.0
7	4385	0.0
7	4386	0.0
7	4387	0.0
7	4388	0.0
7	4389	0.0
7	4390	0.0
7	4391	0.0
7	4392	0.0
7	4393	0.0
7	4394	0.0
7	4395	0.0
7	4396	0.0
7	4397	0.0
7	4398	0.0
7	4399	0.0
7	4400	0.0
7	4401	0.0
7	4402	0.0
7	4403	0.0
7	4404	0.0
7	4405	0.0
7	4406	0.0
7	4407	0.0
7	4408	0.0
7	4409	0.0
7	4410	0.0
7	4411	0.0
7	4412	0.0
7	4413	0.0
7	4414	0.0
7	4415	0.0
7	4416	0.0
7	4417	0.0
7	4418	0.0
7	4419	0.0
7	4420	0.0
7	4421	0.0
7	4422	0.0
7	4423	0.0
7	4424	0.0
7	4425	0.0
7	4426	0.0
7	4427	0.0
7	4428	0.0
7	4429	0.0
7	4430	0.0
7	4431	0.0
7	4432	0.0
7	4433	0.0
7	4434	0.0
7	4435	0.0
7	4436	0.0
7	4437	0.0
7	4438	0.0
7	4439	0.0
7	4440	0.0
7	4441	0.0
7	4442	0.0
7	4443	0.0
7	4444	0.0
7	4445	0.0
7	4446	0.0
7	4447	0.0
7	4448	0.0
7	4449	0.0
7	4450	0.0
7	4451	0.0
7	4452	0.0
7	4453	0.0
7	4454	0.0
7	4455	0.0
7	4456	0.0
7	4457	0.0
7	4458	0.0
7	4459	0.0
7	4460	0.0
7	4461	0.0
7	4462	0.0
7	4463	0.0
7	4464	0.0
7	4465	0.0
7	4466	0.0
7	4467	0.0
7	4468	0.0
7	4469	0.0
7	4470	0.0
7	4471	0.0
7	4472	0.0
7	4473	0.0
7	4474	0.0
7	4475	0.0
7	4476	0.0
7	4477	0.0
7	4478	0.0
7	4479	0.0
7	4480	0.0
7	4481	0.0
7	4482	0.0
7	4483	0.0
7	4484	0.0
7	4485	0.0
7	4486	0.0
7	4487	0.0
7	4488	0.0
7	4489	0.0
7	4490	0.0
7	4491	0.0
7	4492	0.0
7	4493	0.0
7	4494	0.0
7	4495	0.0
7	4496	0.0
7	4497	0.0
7	4498	0.0
7	4499	0.0
7	4500	0.0
7	4501	0.0
7	4502	0.0
7	4503	0.0
7	4504	0.0
7	4505	0.0
7	4506	0.0
7	4507	0.0
7	4508	0.0
7	4509	0.0
7	4510	0.0
7	4511	0.0
7	4512	0.0
7	4513	0.0
7	4514	0.0
7	4515	0.0
7	4516	0.0
7	4517	0.0
7	4518	0.0
7	4519	0.0
7	4520	0.0
7	4521	0.0
7	4522	0.0
7	4523	0.0
7	4524	0.0
7	4525	0.0
7	4526	0.0
7	4527	0.0
7	4528	0.0
7	4529	0.0
7	4530	0.0
7	4531	0.0
7	4532	0.0
7	4533	0.0
7	4534	0.0
7	4535	0.0
7	4536	0.0
7	4537	0.0
7	4538	0.0
7	4539	0.0
7	4540	0.0
7	4541	0.0
7	4542	0.0
7	4543	0.0
7	4544	0.0
7	4545	0.0
7	4546	0.0
7	4547	0.0
7	4548	0.0
7	4549	0.0
7	4550	0.0
7	4551	0.0
7	4552	0.0
7	4553	0.0
7	4554	0.0
7	4555	0.0
7	4556	0.0
7	4557	0.0
7	4558	0.0
7	4559	0.0
7	4560	0.0
7	4561	0.0
7	4562	0.0
7	4563	0.0
7	4564	0.0
7	4565	0.0
7	4566	0.0
7	4567	0.0
7	4568	0.0
7	4569	0.0
7	4570	0.0
7	4571	0.0
7	4572	0.0
7	4573	0.0
7	4574	0.0
7	4575	0.0
7	4576	0.0
7	4577	0.0
7	4578	0.0
7	4579	0.0
7	4580	0.0
7	4581	0.0
7	4582	0.0
7	4583	0.0
7	4584	0.0
7	4585	0.0
7	4586	0.0
7	4587	0.0
7	4588	0.0
7	4589	0.0
7	4590	0.0
7	4591	0.0
7	4592	0.0
7	4593	0.0
7	4594	0.0
7	4595	0.0
7	4596	0.0
7	4597	0.0
7	4598	0.0
7	4599	0.0
7	4600	0.0
7	4601	0.0
7	4602	0.0
7	4603	0.0
7	4604	0.0
7	4605	0.0
7	4606	0.0
7	4607	0.0
7	4608	0.0
7	4609	0.0
7	4610	0.0
7	4611	0.0
7	4612	0.0
7	4613	0.0
7	4614	0.0
7	4615	0.0
7	4616	0.0
7	4617	0.0
7	4618	0.0
7	4619	0.0
7	4620	0.0
7	4621	0.0
7	4622	0.0
7	4623	0.0
7	4624	0.0
7	4625	0.0
7	4626	0.0
7	4627	0.0
7	4628	0.0
7	4629	0.0
7	4630	0.0
7	4631	0.0
7	4632	0.0
7	4633	0.0
7	4634	0.0
7	4635	0.0
7	4636	0.0
7	4637	0.0
7	4638	0.0
7	4639	0.0
7	4640	0.0
7	4641	0.0
7	4642	0.0
7	4643	0.0
7	4644	0.0
7	4645	0.0
7	4646	0.0
7	4647	0.0
7	4648	0.0
7	4649	0.0
7	4650	0.0
7	4651	0.0
7	4652	0.0
7	4653	0.0
7	4654	0.0
7	4655	0.0
7	4656	0.0
7	4657	0.0
7	4658	0.0
7	4659	0.0
7	4660	0.0
7	4661	0.0
7	4662	0.0
7	4663	0.0
7	4664	0.0
7	4665	0.0
7	4666	0.0
7	4667	0.0
7	4668	0.0
7	4669	0.0
7	4670	0.0
7	4671	0.0
7	4672	0.0
7	4673	0.0
7	4674	0.0
7	4675	0.0
7	4676	0.0
7	4677	0.0
7	4678	0.0
7	4679	0.0
7	4680	0.0
7	4681	0.0
7	4682	0.0
7	4683	0.0
7	4684	0.0
7	4685	0.0
7	4686	0.0
7	4687	0.0
7	4688	0.0
7	4689	0.0
7	4690	0.0
7	4691	0.0
7	4692	0.0
7	4693	0.0
7	4694	0.0
7	4695	0.0
7	4696	0.0
7	4697	0.0
7	4698	0.0
7	4699	0.0
7	4700	0.0
7	4701	0.0
7	4702	0.0
7	4703	0.0
7	4704	0.0
7	4705	0.0
7	4706	0.0
7	4707	0.0
7	4708	0.0
7	4709	0.0
7	4710	0.0
7	4711	0.0
7	4712	0.0
7	4713	0.0
7	4714	0.0
7	4715	0.0
7	4716	0.0
7	4717	0.0
7	4718	0.0
7	4719	0.0
7	4720	0.0
7	4721	0.0
7	4722	0.0
7	4723	0.0
7	4724	0.0
7	4725	0.0
7	4726	0.0
7	4727	0.0
7	4728	0.0
7	4729	0.0
7	4730	0.0
7	4731	0.0
7	4732	0.0
7	4733	0.0
7	4734	0.0
7	4735	0.0
7	4736	0.0
7	4737	0.0
7	4738	0.0
7	4739	0.0
7	4740	0.0
7	4741	0.0
7	4742	0.0
7	4743	0.0
7	4744	0.0
7	4745	0.0
7	4746	0.0
7	4747	0.0
7	4748	0.0
7	4749	0.0
7	4750	0.0
7	4751	0.0
7	4752	0.0
7	4753	0.0
7	4754	0.0
7	4755	0.0
7	4756	0.0
7	4757	0.0
7	4758	0.0
7	4759	0.0
7	4760	0.0
7	4761	0.0
7	4762	0.0
7	4763	0.0
7	4764	0.0
7	4765	0.0
7	4766	0.0
7	4767	0.0
7	4768	0.0
7	4769	0.0
7	4770	0.0
7	4771	0.0
7	4772	0.0
7	4773	0.0
7	4774	0.0
7	4775	0.0
7	4776	0.0
7	4777	0.0
7	4778	0.0
7	4779	0.0
7	4780	0.0
7	4781	0.0
7	4782	0.0
7	4783	0.0
7	4784	0.0
7	4785	0.0
7	4786	0.0
7	4787	0.0
7	4788	0.0
7	4789	0.0
7	4790	0.0
7	4791	0.0
7	4792	0.0
7	4793	0.0
7	4794	0.0
7	4795	0.0
7	4796	0.0
7	4797	0.0
7	4798	0.0
7	4799	0.0
7	4800	0.0
7	4801	0.0
7	4802	0.0
7	4803	0.0
7	4804	0.0
7	4805	0.0
7	4806	0.0
7	4807	0.0
7	4808	0.0
7	4809	0.0
7	4810	0.0
7	4811	0.0
8	4812	0.0
8	4813	0.0
8	4814	0.0
8	4815	0.0
8	4816	0.0
8	4817	0.0
8	4818	0.0
8	4819	0.0
8	4820	0.0
8	4821	0.0
8	4822	0.0
8	4823	0.0
8	4824	0.0
8	4825	0.0
8	4826	0.0
8	4827	0.0
8	4828	0.0
8	4829	0.0
8	4830	0.0
8	4831	0.0
8	4832	0.0
8	4833	0.0
8	4834	0.0
8	4835	0.0
8	4836	0.0
8	4837	0.0
8	4838	0.0
8	4839	0.0
8	4840	0.0
8	4841	0.0
8	4842	0.0
8	4843	0.0
8	4844	0.0
8	4845	0.0
8	4846	0.0
8	4847	0.0
8	4848	0.0
8	4849	0.0
8	4850	0.0
8	4851	0.0
8	4852	0.0
8	4853	0.0
8	4854	0.0
8	4855	0.0
8	4856	0.0
8	4857	0.0
8	4858	0.0
8	4859	0.0
8	4860	0.0
8	4861	0.0
8	4862	0.0
8	4863	0.0
8	4864	0.0
8	4865	0.0
8	4866	0.0
8	4867	0.0
8	4868	0.0
8	4869	0.0
8	4870	0.0
8	4871	0.0
8	4872	0.0
8	4873	0.0
8	4874	0.0
8	4875	0.0
8	4876	0.0
8	4877	0.0
8	4878	0.0
8	4879	0.0
8	4880	0.0
8	4881	0.0
8	4882	0.0
8	4883	0.0
8	4884	0.0
8	4885	0.0
8	4886	0.0
8	4887	0.0
8	4888	0.0
8	4889	0.0
8	4890	0.0
8	4891	0.0
8	4892	0.0
8	4893	0.0
8	4894	0.0
8	4895	0.0
8	4896	0.0
8	4897	0.0
8	4898	0.0
8	4899	0.0
8	4900	0.0
8	4901	0.0
8	4902	0.0
8	4903	0.0
8	4904	0.0
8	4905	0.0
8	4906	0.0
8	4907	0.0
8	4908	0.0
8	4909	0.0
8	4910	0.0
8	4911	0.0
8	4912	0.0
8	4913	0.0
8	4914	0.0
8	4915	0.0
8	4916	0.0
8	4917	0.0
8	4918	0.0
8	4919	0.0
8	4920	0.0
8	4921	0.0
8	4922	0.0
8	4923	0.0
8	4924	0.0
8	4925	0.0
8	4926	0.0
8	4927	0.0
8	4928	0.0
8	4929	0.0
8	4930	0.0
8	4931	0.0
8	4932	0.0
8	4933	0.0
8	4934	0.0
8	4935	0.0
8	4936	0.0
8	4937	0.0
8	4938	0.0
8	4939	0.0
8	4940	0.0
8	4941	0.0
8	4942	0.0
8	4943	0.0
8	4944	0.0
8	4945	0.0
8	4946	0.0
8	4947	0.0
8	4948	0.0
8	4949	0.0
8	4950	0.0
8	4951	0.0
8	4952	0.0
8	4953	0.0
8	4954	0.0
8	4955	0.0
8	4956	0.0
8	4957	0.0
8	4958	0.0
8	4959	0.0
8	4960	0.0
8	4961	0.0
8	4962	0.0
8	4963	0.0
8	4964	0.0
8	4965	0.0
8	4966	0.0
8	4967	0.0
8	4968	0.0
8	4969	0.0
8	4970	0.0
8	4971	0.0
8	4972	0.0
8	4973	0.0
8	4974	0.0
8	4975	0.0
8	4976	0.0
8	4977	0.0
8	4978	0.0
8	4979	0.0
8	4980	0.0
8	4981	0.0
8	4982	0.0
8	4983	0.0
8	4984	0.0
8	4985	0.0
8	4986	0.0
8	4987	0.0
8	4988	0.0
8	4989	0.0
8	4990	0.0
8	4991	0.0
8	4992	0.0
8	4993	0.0
8	4994	0.0
8	4995	0.0
8	4996	0.0
8	4997	0.0
8	4998	0.0
8	4999	0.0
8	5000	0.0
8	5001	0.0
8	5002	0.0
8	5003	0.0
8	5004	0.0
8	5005	0.0
8	5006	0.0
8	5007	0.0
8	5008	0.0
8	5009	0.0
8	5010	0.0
8	5011	0.0
8	5012	0.0
8	5013	0.0
8	5014	0.0
8	5015	0.0
8	5016	0.0
8	5017	0.0
8	5018	0.0
8	5019	0.0
8	5020	0.0
8	5021	0.0
8	5022	0.0
8	5023	0.0
8	5024	0.0
8	5025	0.0
8	5026	0.0
8	5027	0.0
8	5028	0.0
8	5029	0.0
8	5030	0.0
8	5031	0.0
8	5032	0.0
8	5033	0.0
8	5034	0.0
8	5035	0.0
8	5036	0.0
8	5037	0.0
8	5038	0.0
8	5039	0.0
8	5040	0.0
8	5041	0.0
8	5042	0.0
8	5043	0.0
8	5044	0.0
8	5045	0.0
8	5046	0.0
8	5047	0.0
8	5048	0.0
8	5049	0.0
8	5050	0.0
8	5051	0.0
8	5052	0.0
8	5053	0.0
8	5054	0.0
8	5055	0.0
8	5056	0.0
8	5057	0.0
8	5058	0.0
8	5059	0.0
8	5060	0.0
8	5061	0.0
8	5062	0.0
8	5063	0.0
8	5064	0.0
8	5065	0.0
8	5066	0.0
8	5067	0.0
8	5068	0.0
8	5069	0.0
8	5070	0.0
8	5071	0.0
8	5072	0.0
8	5073	0.0
8	5074	0.0
8	5075	0.0
8	5076	0.0
8	5077	0.0
8	5078	0.0
8	5079	0.0
8	5080	0.0
8	5081	0.0
8	5082	0.0
8	5083	0.0
8	5084	0.0
8	5085	0.0
8	5086	0.0
8	5087	0.0
8	5088	0.0
8	5089	0.0
8	5090	0.0
8	5091	0.0
8	5092	0.0
8	5093	0.0
8	5094	0.0
8	5095	0.0
8	5096	0.0
8	5097	0.0
8	5098	0.0
8	5099	0.0
8	5100	0.0
8	5101	0.0
8	5102	0.0
8	5103	0.0
8	5104	0.0
8	5105	0.0
8	5106	0.0
8	5107	0.0
8	5108	0.0
8	5109	0.0
8	5110	0.0
8	5111	0.0
8	5112	0.0
8	5113	0.0
8	5114	0.0
8	5115	0.0
8	5116	0.0
8	5117	0.0
8	5118	0.0
8	5119	0.0
8	5120	0.0
8	5121	0.0
8	5122	0.0
8	5123	0.0
8	5124	0.0
8	5125	0.0
8	5126	0.0
8	5127	0.0
8	5128	0.0
8	5129	0.0
8	5130	0.0
8	5131	0.0
8	5132	0.0
8	5133	0.0
8	5134	0.0
8	5135	0.0
8	5136	0.0
8	5137	0.0
8	5138	0.0
8	5139	0.0
8	5140	0.0
8	5141	0.0
8	5142	0.0
8	5143	0.0
8	5144	0.0
8	5145	0.0
8	5146	0.0
8	5147	0.0
8	5148	0.0
8	5149	0.0
8	5150	0.0
8	5151	0.0
8	5152	0.0
8	5153	0.0
8	5154	0.0
8	5155	0.0
8	5156	0.0
8	5157	0.0
8	5158	0.0
8	5159	0.0
8	5160	0.0
8	5161	0.0
8	5162	0.0
8	5163	0.0
8	5164	0.0
8	5165	0.0
8	5166	0.0
8	5167	0.0
8	5168	0.0
8	5169	0.0
8	5170	0.0
8	5171	0.0
8	5172	0.0
8	5173	0.0
8	5174	0.0
8	5175	0.0
8	5176	0.0
8	5177	0.0
8	5178	0.0
8	5179	0.0
8	5180	0.0
8	5181	0.0
8	5182	0.0
8	5183	0.0
8	5184	0.0
8	5185	0.0
8	5186	0.0
8	5187	0.0
8	5188	0.0
8	5189	0.0
8	5190	0.0
8	5191	0.0
8	5192	0.0
8	5193	0.0
8	5194	0.0
8	5195	0.0
8	5196	0.0
8	5197	0.0
8	5198	0.0
8	5199	0.0
8	5200	0.0
8	5201	0.0
8	5202	0.0
8	5203	0.0
8	5204	0.0
8	5205	0.0
8	5206	0.0
8	5207	0.0
8	5208	0.0
8	5209	0.0
8	5210	0.0
8	5211	0.0
8	5212	0.0
8	5213	0.0
8	5214	0.0
8	5215	0.0
8	5216	0.0
8	5217	0.0
8	5218	0.0
8	5219	0.0
8	5220	0.0
8	5221	0.0
8	5222	0.0
8	5223	0.0
8	5224	0.0
8	5225	0.0
8	5226	0.0
8	5227	0.0
8	5228	0.0
8	5229	0.0
8	5230	0.0
8	5231	0.0
8	5232	0.0
8	5233	0.0
8	5234	0.0
8	5235	0.0
8	5236	0.0
8	5237	0.0
8	5238	0.0
8	5239	0.0
8	5240	0.0
8	5241	0.0
8	5242	0.0
8	5243	0.0
8	5244	0.0
8	5245	0.0
8	5246	0.0
8	5247	0.0
8	5248	0.0
8	5249	0.0
8	5250	0.0
8	5251	0.0
8	5252	0.0
8	5253	0.0
8	5254	0.0
8	5255	0.0
8	5256	0.0
8	5257	0.0
8	5258	0.0
8	5259	0.0
8	5260	0.0
8	5261	0.0
8	5262	0.0
8	5263	0.0
8	5264	0.0
8	5265	0.0
8	5266	0.0
8	5267	0.0
8	5268	0.0
8	5269	0.0
8	5270	0.0
8	5271	0.0
8	5272	0.0
8	5273	0.0
8	5274	0.0
8	5275	0.0
8	5276	0.0
8	5277	0.0
8	5278	0.0
8	5279	0.0
8	5280	0.0
8	5281	0.0
8	5282	0.0
8	5283	0.0
8	5284	0.0
8	5285	0.0
8	5286	0.0
8	5287	0.0
8	5288	0.0
8	5289	0.0
8	5290	0.0
8	5291	0.0
8	5292	0.0
8	5293	0.0
8	5294	0.0
8	5295	0.0
8	5296	0.0
8	5297	0.0
8	5298	0.0
8	5299	0.0
8	5300	0.0
8	5301	0.0
8	5302	0.0
8	5303	0.0
8	5304	0.0
8	5305	0.0
8	5306	0.0
8	5307	0.0
8	5308	0.0
8	5309	0.0
8	5310	0.0
8	5311	0.0
8	5312	0.0
8	5313	0.0
8	5314	0.0
8	5315	0.0
8	5316	0.0
8	5317	0.0
8	5318	0.0
8	5319	0.0
8	5320	0.0
8	5321	0.0
8	5322	0.0
8	5323	0.0
8	5324	0.0
8	5325	0.0
8	5326	0.0
8	5327	0.0
8	5328	0.0
8	5329	0.0
8	5330	0.0
8	5331	0.0
8	5332	0.0
8	5333	0.0
8	5334	0.0
8	5335	0.0
8	5336	0.0
8	5337	0.0
8	5338	0.0
8	5339	0.0
8	5340	0.0
8	5341	0.0
8	5342	0.0
8	5343	0.0
8	5344	0.0
8	5345	0.0
8	5346	0.0
8	5347	0.0
8	5348	0.0
8	5349	0.0
8	5350	0.0
8	5351	0.0
8	5352	0.0
8	5353	0.0
8	5354	0.0
8	5355	0.0
8	5356	0.0
8	5357	0.0
8	5358	0.0
8	5359	0.0
8	5360	0.0
8	5361	0.0
8	5362	0.0
8	5363	0.0
8	5364	0.0
8	5365	0.0
8	5366	0.0
8	5367	0.0
8	5368	0.0
8	5369	0.0
8	5370	0.0
8	5371	0.0
8	5372	0.0
8	5373	0.0
8	5374	0.0
8	5375	0.0
8	5376	0.0
8	5377	0.0
8	5378	0.0
8	5379	0.0
8	5380	0.0
8	5381	0.0
8	5382	0.0
8	5383	0.0
8	5384	0.0
8	5385	0.0
8	5386	0.0
8	5387	0.0
8	5388	0.0
8	5389	0.0
8	5390	0.0
8	5391	0.0
8	5392	0.0
8	5393	0.0
8	5394	0.0
8	5395	0.0
8	5396	0.0
8	5397	0.0
8	5398	0.0
8	5399	0.0
8	5400	0.0
8	5401	0.0
8	5402	0.0
8	5403	0.0
8	5404	0.0
8	5405	0.0
8	5406	0.0
8	5407	0.0
8	5408	0.0
8	5409	0.0
8	5410	0.0
8	5411	0.0
8	5412	0.0
8	5413	0.0
8	5414	0.0
8	5415	0.0
8	5416	0.0
8	5417	0.0
8	5418	0.0
8	5419	0.0
8	5420	0.0
8	5421	0.0
8	5422	0.0
8	5423	0.0
8	5424	0.0
8	5425	0.0
8	5426	0.0
8	5427	0.0
8	5428	0.0
8	5429	0.0
8	5430	0.0
8	5431	0.0
8	5432	0.0
8	5433	0.0
8	5434	0.0
8	5435	0.0
8	5436	0.0
8	5437	0.0
8	5438	0.0
8	5439	0.0
8	5440	0.0
8	5441	0.0
8	5442	0.0
8	5443	0.0
8	5444	0.0
8	5445	0.0
8	5446	0.0
8	5447	0.0
8	5448	0.0
8	5449	0.0
8	5450	0.0
8	5451	0.0
8	5452	0.0
8	5453	0.0
8	5454	0.0
8	5455	0.0
8	5456	0.0
8	5457	0.0
8	5458	0.0
8	5459	0.0
8	5460	0.0
8	5461	0.0
8	5462	0.0
8	5463	0.0
8	5464	0.0
8	5465	0.0
8	5466	0.0
8	5467	0.0
8	5468	0.0
8	5469	0.0
8	5470	0.0
8	5471	0.0
8	5472	0.0
8	5473	0.0
8	5474	0.0
8	5475	0.0
8	5476	0.0
9	5477	0.0
9	5478	0.0
9	5479	0.0
9	5480	0.0
9	5481	0.0
9	5482	0.0
9	5483	0.0
9	5484	0.0
9	5485	0.0
9	5486	0.0
9	5487	0.0
9	5488	1.0
9	5489	1.0
9	5490	0.0
9	5491	0.0
9	5492	0.0
9	5493	0.0
9	5494	0.0
9	5495	0.0
9	5496	0.0
9	5497	0.0
9	5498	0.0
9	5499	0.0
9	5500	0.0
9	5501	0.0
9	5502	0.0
9	5503	0.0
9	5504	0.0
9	5505	0.0
9	5506	0.0
9	5507	0.0
9	5508	1.0
9	5509	0.0
9	5510	0.0
9	5511	0.0
9	5512	0.0
9	5513	0.0
9	5514	0.0
9	5515	0.0
9	5516	0.0
9	5517	0.0
9	5518	0.0
9	5519	0.0
9	5520	0.0
9	5521	0.0
9	5522	0.0
9	5523	0.0
9	5524	1.0
9	5525	0.0
9	5526	0.0
9	5527	0.0
9	5528	0.0
9	5529	0.0
9	5530	0.0
9	5531	0.0
9	5532	0.0
9	5533	0.0
9	5534	0.0
9	5535	0.0
9	5536	0.0
9	5537	0.0
9	5538	0.0
9	5539	0.0
9	5540	0.0
9	5541	0.0
9	5542	0.0
9	5543	0.0
9	5544	0.0
9	5545	0.0
9	5546	0.0
9	5547	0.0
9	5548	0.0
9	5549	0.0
9	5550	0.0
9	5551	0.0
9	5552	0.0
9	5553	0.0
9	5554	0.0
9	5555	0.0
9	5556	0.0
9	5557	0.0
9	5558	0.0
9	5559	0.0
9	5560	0.0
9	5561	0.0
9	5562	0.0
9	5563	0.0
9	5564	0.0
9	5565	0.0
9	5566	0.0
9	5567	0.0
9	5568	0.0
9	5569	0.0
9	5570	0.0
9	5571	0.0
9	5572	0.0
9	5573	0.0
9	5574	0.0
9	5575	0.0
9	5576	0.0
9	5577	0.0
9	5578	0.0
9	5579	0.0
9	5580	0.0
9	5581	0.0
9	5582	0.0
9	5583	0.0
9	5584	0.0
9	5585	0.0
9	5586	0.0
9	5587	0.0
9	5588	0.0
9	5589	0.0
9	5590	0.0
9	5591	0.0
9	5592	0.0
9	5593	0.0
9	5594	0.0
9	5595	0.0
9	5596	0.0
9	5597	0.0
9	5598	0.0
9	5599	0.0
9	5600	0.0
9	5601	0.0
9	5602	0.0
9	5603	0.0
9	5604	0.0
9	5605	0.0
9	5606	0.0
9	5607	0.0
9	5608	1.0
9	5609	0.0
9	5610	0.0
9	5611	0.0
9	5612	0.0
9	5613	0.0
9	5614	0.0
9	5615	0.0
9	5616	0.0
9	5617	0.0
9	5618	0.0
9	5619	0.0
9	5620	1.0
9	5621	0.0
9	5622	1.0
9	5623	0.0
9	5624	0.0
9	5625	0.0
9	5626	0.0
9	5627	0.0
9	5628	0.0
9	5629	0.0
9	5630	0.0
9	5631	0.0
9	5632	0.0
9	5633	0.0
9	5634	0.0
9	5635	0.0
9	5636	0.0
9	5637	0.0
9	5638	0.0
9	5639	0.0
9	5640	0.0
9	5641	0.0
9	5642	0.0
9	5643	0.0
9	5644	0.0
9	5645	0.0
9	5646	0.0
9	5647	0.0
9	5648	0.0
9	5649	0.0
9	5650	0.0
9	5651	0.0
9	5652	0.0
9	5653	0.0
9	5654	0.0
9	5655	0.0
9	5656	0.0
9	5657	0.0
9	5658	0.0
9	5659	0.0
9	5660	0.0
9	5661	0.0
9	5662	0.0
9	5663	0.0
9	5664	0.0
9	5665	0.0
9	5666	0.0
9	5667	0.0
9	5668	0.0
9	5669	0.0
9	5670	0.0
9	5671	0.0
9	5672	0.0
9	5673	0.0
9	5674	0.0
9	5675	0.0
9	5676	0.0
9	5677	0.0
9	5678	0.0
9	5679	0.0
9	5680	0.0
9	5681	0.0
9	5682	0.0
9	5683	0.0
9	5684	0.0
9	5685	0.0
9	5686	0.0
9	5687	0.0
9	5688	0.0
9	5689	0.0
9	5690	0.0
9	5691	0.0
9	5692	0.0
9	5693	0.0
9	5694	0.0
9	5695	0.0
9	5696	0.0
9	5697	0.0
9	5698	0.0
9	5699	0.0
9	5700	0.0
9	5701	0.0
9	5702	0.0
9	5703	0.0
9	5704	0.0
9	5705	0.0
9	5706	0.0
9	5707	0.0
9	5708	0.0
9	5709	0.0
9	5710	0.0
9	5711	0.0
9	5712	0.0
9	5713	0.0
9	5714	0.0
9	5715	0.0
9	5716	0.0
9	5717	0.0
9	5718	0.0
9	5719	0.0
9	5720	0.0
9	5721	0.0
9	5722	0.0
9	5723	0.0
9	5724	0.0
9	5725	0.0
9	5726	0.0
9	5727	0.0
9	5728	0.0
9	5729	0.0
9	5730	0.0
9	5731	0.0
9	5732	0.0
9	5733	0.0
9	5734	0.0
9	5735	0.0
9	5736	0.0
9	5737	0.0
9	5738	0.0
9	5739	0.0
9	5740	0.0
9	5741	0.0
9	5742	0.0
9	5743	0.0
9	5744	0.0
9	5745	0.0
9	5746	0.0
9	5747	0.0
9	5748	0.0
9	5749	0.0
9	5750	0.0
9	5751	0.0
9	5752	0.0
9	5753	0.0
9	5754	0.0
9	5755	0.0
9	5756	0.0
9	5757	0.0
9	5758	0.0
9	5759	0.0
9	5760	0.0
9	5761	0.0
9	5762	0.0
9	5763	0.0
9	5764	0.0
9	5765	0.0
9	5766	0.0
9	5767	0.0
9	5768	0.0
9	5769	0.0
9	5770	0.0
9	5771	0.0
9	5772	0.0
9	5773	0.0
9	5774	0.0
9	5775	0.0
9	5776	0.0
9	5777	0.0
9	5778	0.0
9	5779	0.0
9	5780	0.0
9	5781	0.0
9	5782	0.0
9	5783	0.0
9	5784	0.0
9	5785	0.0
9	5786	0.0
9	5787	0.0
9	5788	0.0
9	5789	0.0
9	5790	0.0
9	5791	0.0
9	5792	0.0
9	5793	0.0
9	5794	0.0
9	5795	0.0
9	5796	0.0
9	5797	0.0
9	5798	0.0
9	5799	0.0
9	5800	0.0
9	5801	0.0
9	5802	0.0
9	5803	0.0
9	5804	0.0
9	5805	0.0
9	5806	0.0
9	5807	0.0
9	5808	0.0
9	5809	0.0
9	5810	0.0
9	5811	0.0
9	5812	0.0
9	5813	0.0
9	5814	0.0
9	5815	0.0
9	5816	0.0
9	5817	0.0
9	5818	0.0
9	5819	0.0
9	5820	0.0
9	5821	0.0
9	5822	0.0
9	5823	0.0
9	5824	0.0
9	5825	0.0
9	5826	0.0
9	5827	0.0
9	5828	0.0
9	5829	0.0
9	5830	0.0
9	5831	0.0
9	5832	0.0
9	5833	0.0
9	5834	0.0
9	5835	0.0
9	5836	0.0
9	5837	0.0
9	5838	0.0
9	5839	0.0
9	5840	0.0
9	5841	0.0
9	5842	0.0
9	5843	0.0
9	5844	0.0
9	5845	0.0
9	5846	0.0
9	5847	0.0
9	5848	0.0
9	5849	0.0
9	5850	0.0
9	5851	0.0
9	5852	0.0
9	5853	0.0
9	5854	0.0
9	5855	0.0
9	5856	0.0
9	5857	0.0
9	5858	0.0
9	5859	0.0
9	5860	0.0
9	5861	0.0
9	5862	0.0
9	5863	0.0
9	5864	0.0
9	5865	0.0
9	5866	0.0
9	5867	0.0
9	5868	0.0
9	5869	0.0
9	5870	0.0
9	5871	0.0
9	5872	0.0
9	5873	0.0
9	5874	0.0
9	5875	0.0
9	5876	0.0
9	5877	0.0
9	5878	0.0
9	5879	0.0
9	5880	0.0
9	5881	0.0
9	5882	0.0
9	5883	0.0
9	5884	0.0
9	5885	0.0
9	5886	0.0
9	5887	0.0
9	5888	0.0
9	5889	0.0
9	5890	0.0
9	5891	0.0
9	5892	0.0
9	5893	0.0
9	5894	0.0
9	5895	0.0
9	5896	0.0
9	5897	0.0
9	5898	0.0
9	5899	0.0
9	5900	0.0
9	5901	0.0
9	5902	0.0
9	5903	0.0
9	5904	0.0
9	5905	0.0
9	5906	0.0
9	5907	0.0
9	5908	0.0
9	5909	0.0
9	5910	0.0
9	5911	0.0
9	5912	0.0
9	5913	0.0
9	5914	0.0
9	5915	0.0
9	5916	0.0
9	5917	0.0
9	5918	0.0
9	5919	0.0
9	5920	0.0
9	5921	0.0
9	5922	0.0
9	5923	0.0
9	5924	0.0
9	5925	0.0
9	5926	0.0
9	5927	0.0
9	5928	0.0
9	5929	0.0
9	5930	0.0
9	5931	0.0
9	5932	0.0
9	5933	0.0
9	5934	0.0
9	5935	0.0
9	5936	0.0
9	5937	0.0
9	5938	0.0
9	5939	0.0
9	5940	0.0
9	5941	0.0
9	5942	0.0
9	5943	0.0
9	5944	0.0
9	5945	0.0
9	5946	0.0
9	5947	0.0
9	5948	0.0
9	5949	0.0
9	5950	0.0
9	5951	0.0
9	5952	0.0
9	5953	0.0
9	5954	0.0
9	5955	0.0
9	5956	0.0
9	5957	0.0
9	5958	0.0
9	5959	0.0
9	5960	0.0
9	5961	0.0
9	5962	0.0
9	5963	0.0
9	5964	0.0
9	5965	0.0
9	5966	0.0
9	5967	0.0
9	5968	0.0
9	5969	0.0
9	5970	0.0
9	5971	0.0
9	5972	0.0
9	5973	0.0
9	5974	0.0
9	5975	0.0
9	5976	0.0
9	5977	0.0
9	5978	0.0
9	5979	0.0
9	5980	0.0
9	5981	0.0
9	5982	0.0
9	5983	0.0
9	5984	0.0
9	5985	0.0
9	5986	0.0
9	5987	0.0
9	5988	0.0
9	5989	0.0
9	5990	0.0
9	5991	0.0
9	5992	0.0
9	5993	0.0
9	5994	0.0
9	5995	0.0
9	5996	0.0
9	5997	0.0
9	5998	0.0
9	5999	0.0
9	6000	0.0
9	6001	0.0
9	6002	0.0
9	6003	0.0
9	6004	0.0
9	6005	0.0
9	6006	0.0
9	6007	0.0
9	6008	0.0
9	6009	0.0
9	6010	0.0
9	6011	0.0
9	6012	0.0
9	6013	0.0
9	6014	0.0
9	6015	0.0
9	6016	0.0
9	6017	0.0
9	6018	0.0
9	6019	0.0
9	6020	0.0
9	6021	0.0
9	6022	0.0
9	6023	0.0
9	6024	0.0
9	6025	0.0
9	6026	0.0
9	6027	0.0
9	6028	0.0
9	6029	0.0
9	6030	0.0
9	6031	0.0
9	6032	0.0
9	6033	0.0
9	6034	0.0
9	6035	0.0
9	6036	0.0
9	6037	0.0
9	6038	0.0
9	6039	0.0
9	6040	0.0
9	6041	0.0
9	6042	0.0
9	6043	0.0
9	6044	0.0
9	6045	0.0
9	6046	0.0
9	6047	0.0
9	6048	0.0
9	6049	0.0
9	6050	0.0
9	6051	0.0
9	6052	0.0
9	6053	0.0
9	6054	0.0
9	6055	0.0
9	6056	0.0
9	6057	0.0
9	6058	0.0
9	6059	0.0
9	6060	0.0
9	6061	0.0
9	6062	0.0
9	6063	0.0
9	6064	0.0
9	6065	0.0
9	6066	0.0
9	6067	0.0
9	6068	0.0
9	6069	0.0
9	6070	0.0
9	6071	0.0
9	6072	0.0
9	6073	0.0
9	6074	0.0
9	6075	0.0
9	6076	0.0
9	6077	0.0
9	6078	0.0
9	6079	0.0
9	6080	0.0
9	6081	0.0
9	6082	0.0
9	6083	0.0
9	6084	0.0
9	6085	0.0
9	6086	0.0
9	6087	0.0
9	6088	0.0
9	6089	0.0
9	6090	0.0
9	6091	0.0
9	6092	0.0
9	6093	0.0
9	6094	0.0
9	6095	0.0
9	6096	0.0
9	6097	0.0
9	6098	0.0
9	6099	0.0
9	6100	0.0
9	6101	0.0
9	6102	0.0
9	6103	0.0
9	6104	0.0
9	6105	0.0
9	6106	0.0
9	6107	0.0
9	6108	0.0
9	6109	0.0
9	6110	0.0
9	6111	0.0
9	6112	0.0
9	6113	0.0
9	6114	0.0
9	6115	0.0
9	6116	0.0
9	6117	0.0
9	6118	0.0
9	6119	0.0
9	6120	0.0
9	6121	0.0
9	6122	0.0
9	6123	0.0
9	6124	0.0
9	6125	0.0
9	6126	0.0
9	6127	0.0
9	6128	0.0
9	6129	0.0
9	6130	0.0
9	6131	0.0
9	6132	0.0
9	6133	0.0
9	6134	0.0
9	6135	0.0
9	6136	0.0
9	6137	0.0
9	6138	0.0
9	6139	0.0
9	6140	0.0
9	6141	0.0
9	6142	0.0
9	6143	0.0
9	6144	0.0
9	6145	0.0
9	6146	0.0
9	6147	0.0
9	6148	0.0
9	6149	0.0
9	6150	0.0
9	6151	0.0
9	6152	0.0
9	6153	0.0
9	6154	0.0
9	6155	0.0
9	6156	0.0
9	6157	0.0
9	6158	0.0
9	6159	0.0
9	6160	0.0
9	6161	0.0
9	6162	0.0
9	6163	0.0
9	6164	0.0
9	6165	0.0
9	6166	0.0
9	6167	0.0
9	6168	0.0
9	6169	0.0
9	6170	0.0
9	6171	0.0
9	6172	0.0
9	6173	0.0
9	6174	0.0
9	6175	0.0
9	6176	0.0
9	6177	0.0
9	6178	0.0
9	6179	0.0
9	6180	0.0
9	6181	0.0
9	6182	0.0
9	6183	0.0
9	6184	0.0
9	6185	0.0
9	6186	0.0
9	6187	0.0
9	6188	0.0
9	6189	0.0
9	6190	0.0
9	6191	0.0
9	6192	0.0
9	6193	0.0
9	6194	0.0
9	6195	0.0
9	6196	0.0
9	6197	0.0
9	6198	0.0
9	6199	0.0
9	6200	0.0
9	6201	0.0
9	6202	0.0
9	6203	0.0
9	6204	0.0
9	6205	0.0
9	6206	0.0
9	6207	0.0
9	6208	0.0
9	6209	0.0
9	6210	0.0
9	6211	0.0
9	6212	0.0
9	6213	0.0
9	6214	0.0
9	6215	0.0
9	6216	0.0
9	6217	0.0
9	6218	0.0
