0	0	1	1.0
0	1	2	1.0
0	2	3	1.0
0	3	4	1.0
0	4	5	1.0
0	5	6	1.0
0	6	7	1.0
0	7	8	1.0
0	8	9	1.0
0	9	10	1.0
0	10	11	1.0
0	11	12	1.0
0	12	13	1.0
0	13	14	1.0
0	14	15	1.0
0	15	16	1.0
0	16	17	1.0
0	17	18	1.0
0	18	19	1.0
0	19	20	1.0
0	20	21	1.0
0	21	22	1.0
0	22	23	1.0
0	23	24	1.0
0	24	25	1.0
0	25	26	1.0
0	26	27	1.0
0	27	28	1.0
0	28	29	1.0
0	29	30	1.0
0	30	31	1.0
0	31	32	1.0
0	32	33	1.0
0	33	34	1.0
0	34	35	1.0
0	35	36	1.0
0	36	37	1.0
0	37	38	1.0
0	38	39	1.0
0	39	40	1.0
0	40	41	1.0
0	41	42	1.0
0	42	43	1.0
0	43	44	1.0
0	44	45	1.0
0	45	46	1.0
0	46	47	1.0
0	47	48	1.0
0	48	49	1.0
0	49	50	1.0
0	50	51	1.0
0	51	52	1.0
0	52	53	1.0
0	53	54	1.0
0	54	55	1.0
0	55	56	1.0
0	56	57	1.0
0	57	58	1.0
0	58	59	1.0
0	59	60	1.0
0	60	61	1.0
0	61	62	1.0
0	62	63	1.0
0	63	64	1.0
0	64	65	1.0
0	65	66	1.0
0	66	67	1.0
0	67	68	1.0
0	68	69	1.0
0	69	70	1.0
0	70	71	1.0
0	71	72	1.0
0	72	73	1.0
0	73	74	1.0
0	74	75	1.0
0	75	76	1.0
0	76	77	1.0
0	77	78	1.0
0	78	79	1.0
0	79	80	1.0
0	80	81	1.0
0	81	82	1.0
0	82	83	1.0
0	83	84	1.0
0	84	85	1.0
0	85	86	1.0
0	86	87	1.0
0	87	88	1.0
0	88	89	1.0
0	89	90	1.0
0	90	91	1.0
0	91	92	1.0
0	92	93	1.0
0	93	94	1.0
0	94	95	1.0
0	95	96	1.0
0	96	97	1.0
0	97	98	1.0
0	98	99	1.0
0	99	100	1.0
0	100	101	1.0
0	101	102	1.0
0	102	103	1.0
0	103	104	1.0
0	104	105	1.0
0	105	106	1.0
0	106	107	1.0
0	107	108	1.0
0	108	109	1.0
0	109	110	1.0
0	110	111	1.0
0	111	112	1.0
0	112	113	1.0
0	113	114	1.0
0	114	115	1.0
0	115	116	1.0
0	116	117	1.0
0	117	118	1.0
0	118	119	1.0
0	119	120	1.0
0	120	121	1.0
0	121	122	1.0
0	122	123	1.0
0	123	124	1.0
0	124	125	1.0
0	125	126	1.0
0	126	127	1.0
0	127	128	1.0
0	128	129	1.0
0	129	130	1.0
0	130	131	1.0
0	131	132	1.0
0	132	133	1.0
0	133	134	1.0
0	134	135	1.0
0	135	136	1.0
0	136	137	1.0
0	137	138	1.0
0	138	139	1.0
0	139	140	1.0
0	140	141	1.0
0	141	142	1.0
0	142	143	1.0
0	143	144	1.0
0	144	145	1.0
0	145	146	1.0
0	146	147	1.0
0	147	148	1.0
0	148	149	1.0
0	149	150	1.0
0	150	151	1.0
0	151	152	1.0
0	152	153	1.0
0	153	154	1.0
0	154	155	1.0
0	155	156	1.0
0	156	157	1.0
0	157	158	1.0
0	158	159	1.0
0	159	160	1.0
0	160	161	1.0
0	161	162	1.0
0	162	163	1.0
0	163	164	1.0
0	164	165	1.0
0	165	166	1.0
0	166	167	1.0
0	167	168	1.0
0	168	169	1.0
0	169	170	1.0
0	170	171	1.0
0	171	172	1.0
0	172	173	1.0
0	173	174	1.0
0	174	175	1.0
0	175	176	1.0
0	176	177	1.0
0	177	178	1.0
0	178	179	1.0
0	179	180	1.0
0	180	181	1.0
0	181	182	1.0
0	182	183	1.0
0	183	184	1.0
0	184	185	1.0
0	185	186	1.0
0	186	187	1.0
0	187	188	1.0
0	188	189	1.0
0	189	190	1.0
0	190	191	1.0
0	191	192	1.0
0	192	193	1.0
0	193	194	1.0
0	194	195	1.0
0	195	196	1.0
0	196	197	1.0
0	197	198	1.0
0	198	199	1.0
0	199	200	1.0
0	200	201	1.0
0	201	202	1.0
0	202	203	1.0
0	203	204	1.0
0	204	205	1.0
0	205	206	1.0
0	206	207	1.0
0	207	208	1.0
0	208	209	1.0
0	209	210	1.0
0	210	211	1.0
0	211	212	1.0
0	212	213	1.0
0	213	214	1.0
0	214	215	1.0
0	215	216	1.0
0	216	217	1.0
0	217	218	1.0
0	218	219	1.0
0	219	220	1.0
0	220	221	1.0
0	221	222	1.0
0	222	223	1.0
0	223	224	1.0
0	224	225	1.0
0	225	226	1.0
0	226	227	1.0
0	227	228	1.0
0	228	229	1.0
0	229	230	1.0
0	230	231	1.0
0	231	232	1.0
0	232	233	1.0
0	233	234	1.0
0	234	235	1.0
0	235	236	1.0
0	236	237	1.0
0	237	238	1.0
0	238	239	1.0
0	239	240	1.0
0	240	241	1.0
0	241	242	1.0
0	242	243	1.0
0	243	244	1.0
0	244	245	1.0
0	245	246	1.0
0	246	247	1.0
0	247	248	1.0
0	248	249	1.0
0	249	250	1.0
0	250	251	1.0
0	251	252	1.0
0	252	253	1.0
0	253	254	1.0
0	254	255	1.0
0	255	256	1.0
0	256	257	1.0
0	257	258	1.0
0	258	259	1.0
0	259	260	1.0
0	260	261	1.0
0	261	262	1.0
0	262	263	1.0
0	263	264	1.0
0	264	265	1.0
0	265	266	1.0
0	266	267	1.0
0	267	268	1.0
0	268	269	1.0
0	269	270	1.0
0	270	271	1.0
0	271	272	1.0
0	272	273	1.0
0	273	274	1.0
0	274	275	1.0
0	275	276	1.0
0	276	277	1.0
0	277	278	1.0
0	278	279	1.0
0	279	280	1.0
0	280	281	1.0
0	281	282	1.0
0	282	283	1.0
0	283	284	1.0
0	284	285	1.0
0	285	286	1.0
0	286	287	1.0
0	287	288	1.0
0	288	289	1.0
0	289	290	1.0
0	290	291	1.0
0	291	292	1.0
0	292	293	1.0
0	293	294	1.0
0	294	295	1.0
0	295	296	1.0
0	296	297	1.0
0	297	298	1.0
0	298	299	1.0
0	299	300	1.0
0	300	301	1.0
0	301	302	1.0
0	302	303	1.0
0	303	304	1.0
0	304	305	1.0
0	305	306	1.0
0	306	307	1.0
0	307	308	1.0
0	308	309	1.0
0	309	310	1.0
0	310	311	1.0
0	311	312	1.0
0	312	313	1.0
0	313	314	1.0
0	314	315	1.0
0	315	316	1.0
0	316	317	1.0
0	317	318	1.0
0	318	319	1.0
0	319	320	1.0
0	320	321	1.0
0	321	322	1.0
0	322	323	1.0
0	323	324	1.0
0	324	325	1.0
0	325	326	1.0
0	326	327	1.0
0	327	328	1.0
0	328	329	1.0
0	329	330	1.0
0	330	331	1.0
0	331	332	1.0
0	332	333	1.0
0	333	334	1.0
0	334	335	1.0
0	335	336	1.0
0	336	337	1.0
0	337	338	1.0
0	338	339	1.0
0	339	340	1.0
0	340	341	1.0
0	341	342	1.0
0	342	343	1.0
0	343	344	1.0
0	344	345	1.0
0	345	346	1.0
0	346	347	1.0
0	347	348	1.0
0	348	349	1.0
0	349	350	1.0
0	350	351	1.0
0	351	352	1.0
0	352	353	1.0
0	353	354	1.0
0	354	355	1.0
0	355	356	1.0
0	356	357	1.0
0	357	358	1.0
0	358	359	1.0
0	359	360	1.0
0	360	361	1.0
0	361	362	1.0
0	362	363	1.0
0	363	364	1.0
0	364	365	1.0
0	365	366	1.0
0	366	367	1.0
0	367	368	1.0
0	368	369	1.0
0	369	370	1.0
0	370	371	1.0
0	371	372	1.0
0	372	373	1.0
0	373	374	1.0
0	374	375	1.0
0	375	376	1.0
0	376	377	1.0
0	377	378	1.0
0	378	379	1.0
0	379	380	1.0
0	380	381	1.0
0	381	382	1.0
0	382	383	1.0
0	383	384	1.0
0	384	385	1.0
0	385	386	1.0
0	386	387	1.0
0	387	388	1.0
0	388	389	1.0
0	389	390	1.0
0	390	391	1.0
0	391	392	1.0
0	392	393	1.0
0	393	394	1.0
0	394	395	1.0
0	395	396	1.0
0	396	397	1.0
0	397	398	1.0
0	398	399	1.0
0	399	400	1.0
0	400	401	1.0
0	401	402	1.0
0	402	403	1.0
0	403	404	1.0
0	404	405	1.0
0	405	406	1.0
0	406	407	1.0
0	407	408	1.0
0	408	409	1.0
0	409	410	1.0
0	410	411	1.0
0	411	412	1.0
0	412	413	1.0
0	413	414	1.0
0	414	415	1.0
0	415	416	1.0
0	416	417	1.0
0	417	418	1.0
0	418	419	1.0
0	419	420	1.0
0	420	421	1.0
0	421	422	1.0
0	422	423	1.0
0	423	424	1.0
0	424	425	1.0
0	425	426	1.0
0	426	427	1.0
0	427	428	1.0
0	428	429	1.0
0	429	430	1.0
0	430	431	1.0
0	431	432	1.0
0	432	433	1.0
0	433	434	1.0
0	434	435	1.0
0	435	436	1.0
0	436	437	1.0
0	437	438	1.0
0	438	439	1.0
0	439	440	1.0
0	440	441	1.0
0	441	442	1.0
0	442	443	1.0
0	443	444	1.0
0	444	445	1.0
0	445	446	1.0
0	446	447	1.0
0	447	448	1.0
0	448	449	1.0
0	449	450	1.0
0	450	451	1.0
0	451	452	1.0
0	452	453	1.0
0	453	454	1.0
0	454	455	1.0
0	455	456	1.0
0	456	457	1.0
0	457	458	1.0
0	458	459	1.0
0	459	460	1.0
0	460	461	1.0
0	461	462	1.0
0	462	463	1.0
0	463	464	1.0
0	464	465	1.0
0	465	466	1.0
0	466	467	1.0
0	467	468	1.0
0	468	469	1.0
0	469	470	1.0
0	470	471	1.0
0	471	472	1.0
0	472	473	1.0
0	473	474	1.0
0	474	475	1.0
0	475	476	1.0
0	476	477	1.0
0	477	478	1.0
0	478	479	1.0
0	479	480	1.0
0	480	481	1.0
0	481	482	1.0
0	482	483	1.0
0	483	484	1.0
0	484	485	1.0
0	485	486	1.0
0	486	487	1.0
0	487	488	1.0
0	488	489	1.0
0	489	490	1.0
0	490	491	1.0
0	491	492	1.0
0	492	493	1.0
0	493	494	1.0
0	494	495	1.0
0	495	496	1.0
0	496	497	1.0
0	497	498	1.0
0	498	499	1.0
0	499	500	1.0
0	500	501	1.0
0	501	502	1.0
0	502	503	1.0
0	503	504	1.0
0	504	505	1.0
0	505	506	1.0
0	506	507	1.0
0	507	508	1.0
0	508	509	1.0
0	509	510	1.0
0	510	511	1.0
0	511	512	1.0
0	512	513	1.0
0	513	514	1.0
0	514	515	1.0
0	515	516	1.0
1	517	518	1.0
1	518	519	1.0
1	519	520	1.0
1	520	521	1.0
1	521	522	1.0
1	522	523	1.0
1	523	524	1.0
1	524	525	1.0
1	525	526	1.0
1	526	527	1.0
1	527	528	1.0
1	528	529	1.0
1	529	530	1.0
1	530	531	1.0
1	531	532	1.0
1	532	533	1.0
1	533	534	1.0
1	534	535	1.0
1	535	536	1.0
1	536	537	1.0
1	537	538	1.0
1	538	539	1.0
1	539	540	1.0
1	540	541	1.0
1	541	542	1.0
1	542	543	1.0
1	543	544	1.0
1	544	545	1.0
1	545	546	1.0
1	546	547	1.0
1	547	548	1.0
1	548	549	1.0
1	549	550	1.0
1	550	551	1.0
1	551	552	1.0
1	552	553	1.0
1	553	554	1.0
1	554	555	1.0
1	555	556	1.0
1	556	557	1.0
1	557	558	1.0
1	558	559	1.0
1	559	560	1.0
1	560	561	1.0
1	561	562	1.0
1	562	563	1.0
1	563	564	1.0
1	564	565	1.0
1	565	566	1.0
1	566	567	1.0
1	567	568	1.0
1	568	569	1.0
1	569	570	1.0
1	570	571	1.0
1	571	572	1.0
1	572	573	1.0
1	573	574	1.0
1	574	575	1.0
1	575	576	1.0
1	576	577	1.0
1	577	578	1.0
1	578	579	1.0
1	579	580	1.0
1	580	581	1.0
1	581	582	1.0
1	582	583	1.0
1	583	584	1.0
1	584	585	1.0
1	585	586	1.0
1	586	587	1.0
1	587	588	1.0
1	588	589	1.0
1	589	590	1.0
1	590	591	1.0
1	591	592	1.0
1	592	593	1.0
1	593	594	1.0
1	594	595	1.0
1	595	596	1.0
1	596	597	1.0
1	597	598	1.0
1	598	599	1.0
1	599	600	1.0
1	600	601	1.0
1	601	602	1.0
1	602	603	1.0
1	603	604	1.0
1	604	605	1.0
1	605	606	1.0
1	606	607	1.0
1	607	608	1.0
1	608	609	1.0
1	609	610	1.0
1	610	611	1.0
1	611	612	1.0
1	612	613	1.0
1	613	614	1.0
1	614	615	1.0
1	615	616	1.0
1	616	617	1.0
1	617	618	1.0
1	618	619	1.0
1	619	620	1.0
1	620	621	1.0
1	621	622	1.0
1	622	623	1.0
1	623	624	1.0
1	624	625	1.0
1	625	626	1.0
1	626	627	1.0
1	627	628	1.0
1	628	629	1.0
1	629	630	1.0
1	630	631	1.0
1	631	632	1.0
1	632	633	1.0
1	633	634	1.0
1	634	635	1.0
1	635	636	1.0
1	636	637	1.0
1	637	638	1.0
1	638	639	1.0
1	639	640	1.0
1	640	641	1.0
1	641	642	1.0
1	642	643	1.0
1	643	644	1.0
1	644	645	1.0
1	645	646	1.0
1	646	647	1.0
1	647	648	1.0
1	648	649	1.0
1	649	650	1.0
1	650	651	1.0
1	651	652	1.0
1	652	653	1.0
1	653	654	1.0
1	654	655	1.0
1	655	656	1.0
1	656	657	1.0
1	657	658	1.0
1	658	659	1.0
1	659	660	1.0
1	660	661	1.0
1	661	662	1.0
1	662	663	1.0
1	663	664	1.0
1	664	665	1.0
1	665	666	1.0
1	666	667	1.0
1	667	668	1.0
1	668	669	1.0
1	669	670	1.0
1	670	671	1.0
1	671	672	1.0
1	672	673	1.0
1	673	674	1.0
1	674	675	1.0
1	675	676	1.0
1	676	677	1.0
1	677	678	1.0
1	678	679	1.0
1	679	680	1.0
1	680	681	1.0
1	681	682	1.0
1	682	683	1.0
1	683	684	1.0
1	684	685	1.0
1	685	686	1.0
1	686	687	1.0
1	687	688	1.0
1	688	689	1.0
1	689	690	1.0
1	690	691	1.0
1	691	692	1.0
1	692	693	1.0
1	693	694	1.0
1	694	695	1.0
1	695	696	1.0
1	696	697	1.0
1	697	698	1.0
1	698	699	1.0
1	699	700	1.0
1	700	701	1.0
1	701	702	1.0
1	702	703	1.0
1	703	704	1.0
1	704	705	1.0
1	705	706	1.0
1	706	707	1.0
1	707	708	1.0
1	708	709	1.0
1	709	710	1.0
1	710	711	1.0
1	711	712	1.0
1	712	713	1.0
1	713	714	1.0
1	714	715	1.0
1	715	716	1.0
1	716	717	1.0
1	717	718	1.0
1	718	719	1.0
1	719	720	1.0
1	720	721	1.0
1	721	722	1.0
1	722	723	1.0
1	723	724	1.0
1	724	725	1.0
1	725	726	1.0
1	726	727	1.0
1	727	728	1.0
1	728	729	1.0
1	729	730	1.0
1	730	731	1.0
1	731	732	1.0
1	732	733	1.0
1	733	734	1.0
1	734	735	1.0
1	735	736	1.0
1	736	737	1.0
1	737	738	1.0
1	738	739	1.0
1	739	740	1.0
1	740	741	1.0
1	741	742	1.0
1	742	743	1.0
1	743	744	1.0
1	744	745	1.0
1	745	746	1.0
1	746	747	1.0
1	747	748	1.0
1	748	749	1.0
1	749	750	1.0
1	750	751	1.0
1	751	752	1.0
1	752	753	1.0
1	753	754	1.0
1	754	755	1.0
1	755	756	1.0
1	756	757	1.0
1	757	758	1.0
1	758	759	1.0
1	759	760	1.0
1	760	761	1.0
1	761	762	1.0
1	762	763	1.0
1	763	764	1.0
1	764	765	1.0
1	765	766	1.0
1	766	767	1.0
1	767	768	1.0
1	768	769	1.0
1	769	770	1.0
1	770	771	1.0
1	771	772	1.0
1	772	773	1.0
1	773	774	1.0
1	774	775	1.0
1	775	776	1.0
1	776	777	1.0
1	777	778	1.0
1	778	779	1.0
1	779	780	1.0
1	780	781	1.0
1	781	782	1.0
1	782	783	1.0
1	783	784	1.0
1	784	785	1.0
1	785	786	1.0
1	786	787	1.0
1	787	788	1.0
1	788	789	1.0
1	789	790	1.0
1	790	791	1.0
1	791	792	1.0
1	792	793	1.0
1	793	794	1.0
1	794	795	1.0
1	795	796	1.0
1	796	797	1.0
1	797	798	1.0
1	798	799	1.0
1	799	800	1.0
1	800	801	1.0
1	801	802	1.0
1	802	803	1.0
1	803	804	1.0
1	804	805	1.0
1	805	806	1.0
1	806	807	1.0
1	807	808	1.0
1	808	809	1.0
1	809	810	1.0
1	810	811	1.0
1	811	812	1.0
1	812	813	1.0
1	813	814	1.0
1	814	815	1.0
1	815	816	1.0
1	816	817	1.0
1	817	818	1.0
1	818	819	1.0
1	819	820	1.0
1	820	821	1.0
1	821	822	1.0
1	822	823	1.0
1	823	824	1.0
1	824	825	1.0
1	825	826	1.0
1	826	827	1.0
1	827	828	1.0
1	828	829	1.0
1	829	830	1.0
1	830	831	1.0
1	831	832	1.0
1	832	833	1.0
1	833	834	1.0
1	834	835	1.0
1	835	836	1.0
1	836	837	1.0
1	837	838	1.0
1	838	839	1.0
1	839	840	1.0
1	840	841	1.0
1	841	842	1.0
1	842	843	1.0
1	843	844	1.0
1	844	845	1.0
1	845	846	1.0
1	846	847	1.0
1	847	848	1.0
1	848	849	1.0
1	849	850	1.0
1	850	851	1.0
1	851	852	1.0
1	852	853	1.0
1	853	854	1.0
1	854	855	1.0
1	855	856	1.0
1	856	857	1.0
1	857	858	1.0
1	858	859	1.0
1	859	860	1.0
1	860	861	1.0
1	861	862	1.0
1	862	863	1.0
1	863	864	1.0
1	864	865	1.0
1	865	866	1.0
1	866	867	1.0
1	867	868	1.0
1	868	869	1.0
1	869	870	1.0
1	870	871	1.0
1	871	872	1.0
1	872	873	1.0
1	873	874	1.0
1	874	875	1.0
1	875	876	1.0
1	876	877	1.0
1	877	878	1.0
1	878	879	1.0
1	879	880	1.0
1	880	881	1.0
1	881	882	1.0
1	882	883	1.0
1	883	884	1.0
1	884	885	1.0
1	885	886	1.0
1	886	887	1.0
1	887	888	1.0
1	888	889	1.0
1	889	890	1.0
1	890	891	1.0
1	891	892	1.0
1	892	893	1.0
1	893	894	1.0
1	894	895	1.0
1	895	896	1.0
1	896	897	1.0
1	897	898	1.0
1	898	899	1.0
1	899	900	1.0
1	900	901	1.0
1	901	902	1.0
1	902	903	1.0
1	903	904	1.0
1	904	905	1.0
1	905	906	1.0
1	906	907	1.0
1	907	908	1.0
1	908	909	1.0
1	909	910	1.0
1	910	911	1.0
1	911	912	1.0
1	912	913	1.0
1	913	914	1.0
1	914	915	1.0
1	915	916	1.0
1	916	917	1.0
1	917	918	1.0
1	918	919	1.0
1	919	920	1.0
1	920	921	1.0
1	921	922	1.0
1	922	923	1.0
1	923	924	1.0
1	924	925	1.0
1	925	926	1.0
1	926	927	1.0
1	927	928	1.0
1	928	929	1.0
1	929	930	1.0
1	930	931	1.0
1	931	932	1.0
1	932	933	1.0
1	933	934	1.0
1	934	935	1.0
1	935	936	1.0
1	936	937	1.0
1	937	938	1.0
1	938	939	1.0
1	939	940	1.0
1	940	941	1.0
1	941	942	1.0
1	942	943	1.0
1	943	944	1.0
1	944	945	1.0
1	945	946	1.0
1	946	947	1.0
1	947	948	1.0
1	948	949	1.0
1	949	950	1.0
1	950	951	1.0
1	951	952	1.0
1	952	953	1.0
1	953	954	1.0
1	954	955	1.0
1	955	956	1.0
1	956	957	1.0
1	957	958	1.0
1	958	959	1.0
1	959	960	1.0
1	960	961	1.0
1	961	962	1.0
1	962	963	1.0
1	963	964	1.0
1	964	965	1.0
1	965	966	1.0
1	966	967	1.0
1	967	968	1.0
1	968	969	1.0
1	969	970	1.0
1	970	971	1.0
1	971	972	1.0
1	972	973	1.0
1	973	974	1.0
1	974	975	1.0
1	975	976	1.0
1	976	977	1.0
1	977	978	1.0
1	978	979	1.0
1	979	980	1.0
1	980	981	1.0
1	981	982	1.0
1	982	983	1.0
1	983	984	1.0
1	984	985	1.0
1	985	986	1.0
1	986	987	1.0
1	987	988	1.0
1	988	989	1.0
1	989	990	1.0
1	990	991	1.0
1	991	992	1.0
1	992	993	1.0
1	993	994	1.0
1	994	995	1.0
1	995	996	1.0
1	996	997	1.0
1	997	998	1.0
1	998	999	1.0
1	999	1000	1.0
1	1000	1001	1.0
1	1001	1002	1.0
1	1002	1003	1.0
1	1003	1004	1.0
1	1004	1005	1.0
1	1005	1006	1.0
1	1006	1007	1.0
1	1007	1008	1.0
1	1008	1009	1.0
1	1009	1010	1.0
1	1010	1011	1.0
1	1011	1012	1.0
1	1012	1013	1.0
1	1013	1014	1.0
1	1014	1015	1.0
1	1015	1016	1.0
1	1016	1017	1.0
1	1017	1018	1.0
1	1018	1019	1.0
1	1019	1020	1.0
1	1020	1021	1.0
1	1021	1022	1.0
1	1022	1023	1.0
1	1023	1024	1.0
1	1024	1025	1.0
1	1025	1026	1.0
1	1026	1027	1.0
1	1027	1028	1.0
1	1028	1029	1.0
1	1029	1030	1.0
1	1030	1031	1.0
1	1031	1032	1.0
1	1032	1033	1.0
1	1033	1034	1.0
1	1034	1035	1.0
1	1035	1036	1.0
1	1036	1037	1.0
1	1037	1038	1.0
1	1038	1039	1.0
1	1039	1040	1.0
1	1040	1041	1.0
1	1041	1042	1.0
1	1042	1043	1.0
1	1043	1044	1.0
1	1044	1045	1.0
1	1045	1046	1.0
1	1046	1047	1.0
1	1047	1048	1.0
1	1048	1049	1.0
1	1049	1050	1.0
1	1050	1051	1.0
1	1051	1052	1.0
1	1052	1053	1.0
1	1053	1054	1.0
1	1054	1055	1.0
1	1055	1056	1.0
1	1056	1057	1.0
1	1057	1058	1.0
1	1058	1059	1.0
1	1059	1060	1.0
1	1060	1061	1.0
1	1061	1062	1.0
1	1062	1063	1.0
1	1063	1064	1.0
1	1064	1065	1.0
1	1065	1066	1.0
1	1066	1067	1.0
1	1067	1068	1.0
1	1068	1069	1.0
1	1069	1070	1.0
1	1070	1071	1.0
1	1071	1072	1.0
1	1072	1073	1.0
1	1073	1074	1.0
1	1074	1075	1.0
1	1075	1076	1.0
1	1076	1077	1.0
1	1077	1078	1.0
1	1078	1079	1.0
1	1079	1080	1.0
1	1080	1081	1.0
1	1081	1082	1.0
1	1082	1083	1.0
1	1083	1084	1.0
1	1084	1085	1.0
1	1085	1086	1.0
1	1086	1087	1.0
1	1087	1088	1.0
1	1088	1089	1.0
1	1089	1090	1.0
1	1090	1091	1.0
1	1091	1092	1.0
1	1092	1093	1.0
1	1093	1094	1.0
1	1094	1095	1.0
1	1095	1096	1.0
1	1096	1097	1.0
1	1097	1098	1.0
1	1098	1099	1.0
1	1099	1100	1.0
1	1100	1101	1.0
1	1101	1102	1.0
1	1102	1103	1.0
1	1103	1104	1.0
1	1104	1105	1.0
1	1105	1106	1.0
1	1106	1107	1.0
1	1107	1108	1.0
1	1108	1109	1.0
1	1109	1110	1.0
1	1110	1111	1.0
1	1111	1112	1.0
1	1112	1113	1.0
1	1113	1114	1.0
1	1114	1115	1.0
1	1115	1116	1.0
1	1116	1117	1.0
1	1117	1118	1.0
1	1118	1119	1.0
1	1119	1120	1.0
1	1120	1121	1.0
1	1121	1122	1.0
1	1122	1123	1.0
1	1123	1124	1.0
1	1124	1125	1.0
1	1125	1126	1.0
1	1126	1127	1.0
1	1127	1128	1.0
1	1128	1129	1.0
1	1129	1130	1.0
1	1130	1131	1.0
1	1131	1132	1.0
1	1132	1133	1.0
1	1133	1134	1.0
1	1134	1135	1.0
1	1135	1136	1.0
1	1136	1137	1.0
1	1137	1138	1.0
1	1138	1139	1.0
1	1139	1140	1.0
1	1140	1141	1.0
1	1141	1142	1.0
1	1142	1143	1.0
1	1143	1144	1.0
1	1144	1145	1.0
1	1145	1146	1.0
1	1146	1147	1.0
1	1147	1148	1.0
1	1148	1149	1.0
1	1149	1150	1.0
1	1150	1151	1.0
1	1151	1152	1.0
1	1152	1153	1.0
1	1153	1154	1.0
1	1154	1155	1.0
1	1155	1156	1.0
1	1156	1157	1.0
1	1157	1158	1.0
1	1158	1159	1.0
1	1159	1160	1.0
1	1160	1161	1.0
1	1161	1162	1.0
1	1162	1163	1.0
1	1163	1164	1.0
1	1164	1165	1.0
1	1165	1166	1.0
1	1166	1167	1.0
1	1167	1168	1.0
1	1168	1169	1.0
1	1169	1170	1.0
1	1170	1171	1.0
1	1171	1172	1.0
1	1172	1173	1.0
1	1173	1174	1.0
1	1174	1175	1.0
1	1175	1176	1.0
1	1176	1177	1.0
1	1177	1178	1.0
1	1178	1179	1.0
1	1179	1180	1.0
1	1180	1181	1.0
1	1181	1182	1.0
1	1182	1183	1.0
1	1183	1184	1.0
1	1184	1185	1.0
1	1185	1186	1.0
1	1186	1187	1.0
1	1187	1188	1.0
1	1188	1189	1.0
1	1189	1190	1.0
1	1190	1191	1.0
1	1191	1192	1.0
1	1192	1193	1.0
1	1193	1194	1.0
1	1194	1195	1.0
1	1195	1196	1.0
1	1196	1197	1.0
1	1197	1198	1.0
1	1198	1199	1.0
1	1199	1200	1.0
1	1200	1201	1.0
1	1201	1202	1.0
1	1202	1203	1.0
1	1203	1204	1.0
1	1204	1205	1.0
1	1205	1206	1.0
1	1206	1207	1.0
1	1207	1208	1.0
1	1208	1209	1.0
1	1209	1210	1.0
1	1210	1211	1.0
1	1211	1212	1.0
1	1212	1213	1.0
1	1213	1214	1.0
1	1214	1215	1.0
1	1215	1216	1.0
1	1216	1217	1.0
1	1217	1218	1.0
1	1218	1219	1.0
1	1219	1220	1.0
1	1220	1221	1.0
1	1221	1222	1.0
1	1222	1223	1.0
1	1223	1224	1.0
1	1224	1225	1.0
1	1225	1226	1.0
1	1226	1227	1.0
1	1227	1228	1.0
1	1228	1229	1.0
1	1229	1230	1.0
1	1230	1231	1.0
1	1231	1232	1.0
1	1232	1233	1.0
1	1233	1234	1.0
1	1234	1235	1.0
1	1235	1236	1.0
1	1236	1237	1.0
1	1237	1238	1.0
1	1238	1239	1.0
1	1239	1240	1.0
1	1240	1241	1.0
1	1241	1242	1.0
1	1242	1243	1.0
1	1243	1244	1.0
1	1244	1245	1.0
1	1245	1246	1.0
1	1246	1247	1.0
1	1247	1248	1.0
1	1248	1249	1.0
1	1249	1250	1.0
1	1250	1251	1.0
1	1251	1252	1.0
1	1252	1253	1.0
1	1253	1254	1.0
1	1254	1255	1.0
1	1255	1256	1.0
1	1256	1257	1.0
1	1257	1258	1.0
1	1258	1259	1.0
1	1259	1260	1.0
1	1260	1261	1.0
1	1261	1262	1.0
1	1262	1263	1.0
1	1263	1264	1.0
1	1264	1265	1.0
1	1265	1266	1.0
1	1266	1267	1.0
1	1267	1268	1.0
1	1268	1269	1.0
1	1269	1270	1.0
1	1270	1271	1.0
1	1271	1272	1.0
1	1272	1273	1.0
1	1273	1274	1.0
1	1274	1275	1.0
1	1275	1276	1.0
1	1276	1277	1.0
1	1277	1278	1.0
1	1278	1279	1.0
1	1279	1280	1.0
1	1280	1281	1.0
1	1281	1282	1.0
1	1282	1283	1.0
1	1283	1284	1.0
1	1284	1285	1.0
1	1285	1286	1.0
1	1286	1287	1.0
1	1287	1288	1.0
1	1288	1289	1.0
1	1289	1290	1.0
1	1290	1291	1.0
1	1291	1292	1.0
1	1292	1293	1.0
1	1293	1294	1.0
1	1294	1295	1.0
1	1295	1296	1.0
1	1296	1297	1.0
1	1297	1298	1.0
1	1298	1299	1.0
1	1299	1300	1.0
1	1300	1301	1.0
1	1301	1302	1.0
1	1302	1303	1.0
1	1303	1304	1.0
1	1304	1305	1.0
1	1305	1306	1.0
1	1306	1307	1.0
1	1307	1308	1.0
1	1308	1309	1.0
1	1309	1310	1.0
1	1310	1311	1.0
1	1311	1312	1.0
1	1312	1313	1.0
1	1313	1314	1.0
1	1314	1315	1.0
1	1315	1316	1.0
1	1316	1317	1.0
1	1317	1318	1.0
1	1318	1319	1.0
1	1319	1320	1.0
1	1320	1321	1.0
1	1321	1322	1.0
1	1322	1323	1.0
1	1323	1324	1.0
1	1324	1325	1.0
1	1325	1326	1.0
1	1326	1327	1.0
1	1327	1328	1.0
1	1328	1329	1.0
1	1329	1330	1.0
1	1330	1331	1.0
1	1331	1332	1.0
1	1332	1333	1.0
1	1333	1334	1.0
1	1334	1335	1.0
1	1335	1336	1.0
1	1336	1337	1.0
1	1337	1338	1.0
1	1338	1339	1.0
1	1339	1340	1.0
1	1340	1341	1.0
1	1341	1342	1.0
1	1342	1343	1.0
1	1343	1344	1.0
1	1344	1345	1.0
1	1345	1346	1.0
1	1346	1347	1.0
1	1347	1348	1.0
1	1348	1349	1.0
1	1349	1350	1.0
1	1350	1351	1.0
1	1351	1352	1.0
1	1352	1353	1.0
1	1353	1354	1.0
1	1354	1355	1.0
1	1355	1356	1.0
1	1356	1357	1.0
1	1357	1358	1.0
1	1358	1359	1.0
1	1359	1360	1.0
1	1360	1361	1.0
1	1361	1362	1.0
1	1362	1363	1.0
1	1363	1364	1.0
1	1364	1365	1.0
1	1365	1366	1.0
1	1366	1367	1.0
1	1367	1368	1.0
1	1368	1369	1.0
1	1369	1370	1.0
1	1370	1371	1.0
1	1371	1372	1.0
1	1372	1373	1.0
1	1373	1374	1.0
1	1374	1375	1.0
1	1375	1376	1.0
1	1376	1377	1.0
1	1377	1378	1.0
1	1378	1379	1.0
1	1379	1380	1.0
1	1380	1381	1.0
1	1381	1382	1.0
1	1382	1383	1.0
1	1383	1384	1.0
1	1384	1385	1.0
1	1385	1386	1.0
1	1386	1387	1.0
1	1387	1388	1.0
1	1388	1389	1.0
1	1389	1390	1.0
1	1390	1391	1.0
1	1391	1392	1.0
1	1392	1393	1.0
1	1393	1394	1.0
1	1394	1395	1.0
1	1395	1396	1.0
1	1396	1397	1.0
1	1397	1398	1.0
1	1398	1399	1.0
1	1399	1400	1.0
1	1400	1401	1.0
1	1401	1402	1.0
1	1402	1403	1.0
1	1403	1404	1.0
1	1404	1405	1.0
1	1405	1406	1.0
1	1406	1407	1.0
1	1407	1408	1.0
1	1408	1409	1.0
1	1409	1410	1.0
1	1410	1411	1.0
1	1411	1412	1.0
1	1412	1413	1.0
1	1413	1414	1.0
1	1414	1415	1.0
1	1415	1416	1.0
1	1416	1417	1.0
1	1417	1418	1.0
1	1418	1419	1.0
1	1419	1420	1.0
1	1420	1421	1.0
1	1421	1422	1.0
1	1422	1423	1.0
1	1423	1424	1.0
1	1424	1425	1.0
1	1425	1426	1.0
1	1426	1427	1.0
1	1427	1428	1.0
1	1428	1429	1.0
1	1429	1430	1.0
1	1430	1431	1.0
1	1431	1432	1.0
1	1432	1433	1.0
1	1433	1434	1.0
1	1434	1435	1.0
1	1435	1436	1.0
1	1436	1437	1.0
1	1437	1438	1.0
1	1438	1439	1.0
1	1439	1440	1.0
1	1440	1441	1.0
1	1441	1442	1.0
1	1442	1443	1.0
1	1443	1444	1.0
1	1444	1445	1.0
1	1445	1446	1.0
1	1446	1447	1.0
1	1447	1448	1.0
1	1448	1449	1.0
1	1449	1450	1.0
1	1450	1451	1.0
1	1451	1452	1.0
1	1452	1453	1.0
1	1453	1454	1.0
1	1454	1455	1.0
1	1455	1456	1.0
1	1456	1457	1.0
1	1457	1458	1.0
1	1458	1459	1.0
1	1459	1460	1.0
1	1460	1461	1.0
1	1461	1462	1.0
1	1462	1463	1.0
1	1463	1464	1.0
1	1464	1465	1.0
1	1465	1466	1.0
1	1466	1467	1.0
1	1467	1468	1.0
1	1468	1469	1.0
1	1469	1470	1.0
1	1470	1471	1.0
1	1471	1472	1.0
1	1472	1473	1.0
1	1473	1474	1.0
1	1474	1475	1.0
1	1475	1476	1.0
1	1476	1477	1.0
1	1477	1478	1.0
1	1478	1479	1.0
1	1479	1480	1.0
1	1480	1481	1.0
1	1481	1482	1.0
1	1482	1483	1.0
1	1483	1484	1.0
1	1484	1485	1.0
1	1485	1486	1.0
1	1486	1487	1.0
1	1487	1488	1.0
1	1488	1489	1.0
1	1489	1490	1.0
1	1490	1491	1.0
1	1491	1492	1.0
1	1492	1493	1.0
1	1493	1494	1.0
1	1494	1495	1.0
1	1495	1496	1.0
1	1496	1497	1.0
1	1497	1498	1.0
1	1498	1499	1.0
1	1499	1500	1.0
1	1500	1501	1.0
1	1501	1502	1.0
1	1502	1503	1.0
1	1503	1504	1.0
1	1504	1505	1.0
1	1505	1506	1.0
1	1506	1507	1.0
1	1507	1508	1.0
1	1508	1509	1.0
1	1509	1510	1.0
1	1510	1511	1.0
1	1511	1512	1.0
1	1512	1513	1.0
1	1513	1514	1.0
1	1514	1515	1.0
1	1515	1516	1.0
1	1516	1517	1.0
1	1517	1518	1.0
1	1518	1519	1.0
1	1519	1520	1.0
1	1520	1521	1.0
1	1521	1522	1.0
1	1522	1523	1.0
1	1523	1524	1.0
1	1524	1525	1.0
1	1525	1526	1.0
1	1526	1527	1.0
1	1527	1528	1.0
1	1528	1529	1.0
1	1529	1530	1.0
1	1530	1531	1.0
1	1531	1532	1.0
1	1532	1533	1.0
1	1533	1534	1.0
1	1534	1535	1.0
1	1535	1536	1.0
1	1536	1537	1.0
1	1537	1538	1.0
1	1538	1539	1.0
1	1539	1540	1.0
1	1540	1541	1.0
1	1541	1542	1.0
1	1542	1543	1.0
1	1543	1544	1.0
1	1544	1545	1.0
1	1545	1546	1.0
1	1546	1547	1.0
1	1547	1548	1.0
1	1548	1549	1.0
1	1549	1550	1.0
1	1550	1551	1.0
1	1551	1552	1.0
1	1552	1553	1.0
1	1553	1554	1.0
1	1554	1555	1.0
1	1555	1556	1.0
1	1556	1557	1.0
1	1557	1558	1.0
1	1558	1559	1.0
1	1559	1560	1.0
1	1560	1561	1.0
1	1561	1562	1.0
1	1562	1563	1.0
1	1563	1564	1.0
1	1564	1565	1.0
1	1565	1566	1.0
1	1566	1567	1.0
1	1567	1568	1.0
1	1568	1569	1.0
1	1569	1570	1.0
1	1570	1571	1.0
1	1571	1572	1.0
1	1572	1573	1.0
1	1573	1574	1.0
1	1574	1575	1.0
1	1575	1576	1.0
1	1576	1577	1.0
1	1577	1578	1.0
1	1578	1579	1.0
1	1579	1580	1.0
1	1580	1581	1.0
1	1581	1582	1.0
1	1582	1583	1.0
1	1583	1584	1.0
1	1584	1585	1.0
1	1585	1586	1.0
1	1586	1587	1.0
1	1587	1588	1.0
1	1588	1589	1.0
1	1589	1590	1.0
1	1590	1591	1.0
1	1591	1592	1.0
1	1592	1593	1.0
1	1593	1594	1.0
1	1594	1595	1.0
1	1595	1596	1.0
1	1596	1597	1.0
1	1597	1598	1.0
1	1598	1599	1.0
1	1599	1600	1.0
1	1600	1601	1.0
1	1601	1602	1.0
1	1602	1603	1.0
1	1603	1604	1.0
1	1604	1605	1.0
1	1605	1606	1.0
1	1606	1607	1.0
1	1607	1608	1.0
1	1608	1609	1.0
1	1609	1610	1.0
1	1610	1611	1.0
1	1611	1612	1.0
1	1612	1613	1.0
1	1613	1614	1.0
1	1614	1615	1.0
1	1615	1616	1.0
1	1616	1617	1.0
1	1617	1618	1.0
1	1618	1619	1.0
1	1619	1620	1.0
1	1620	1621	1.0
1	1621	1622	1.0
1	1622	1623	1.0
1	1623	1624	1.0
1	1624	1625	1.0
1	1625	1626	1.0
1	1626	1627	1.0
1	1627	1628	1.0
1	1628	1629	1.0
1	1629	1630	1.0
1	1630	1631	1.0
1	1631	1632	1.0
1	1632	1633	1.0
1	1633	1634	1.0
1	1634	1635	1.0
1	1635	1636	1.0
1	1636	1637	1.0
1	1637	1638	1.0
1	1638	1639	1.0
1	1639	1640	1.0
1	1640	1641	1.0
1	1641	1642	1.0
1	1642	1643	1.0
1	1643	1644	1.0
1	1644	1645	1.0
1	1645	1646	1.0
1	1646	1647	1.0
1	1647	1648	1.0
1	1648	1649	1.0
1	1649	1650	1.0
1	1650	1651	1.0
1	1651	1652	1.0
1	1652	1653	1.0
1	1653	1654	1.0
1	1654	1655	1.0
1	1655	1656	1.0
1	1656	1657	1.0
1	1657	1658	1.0
1	1658	1659	1.0
1	1659	1660	1.0
1	1660	1661	1.0
1	1661	1662	1.0
1	1662	1663	1.0
1	1663	1664	1.0
1	1664	1665	1.0
1	1665	1666	1.0
1	1666	1667	1.0
1	1667	1668	1.0
1	1668	1669	1.0
1	1669	1670	1.0
1	1670	1671	1.0
1	1671	1672	1.0
1	1672	1673	1.0
1	1673	1674	1.0
1	1674	1675	1.0
1	1675	1676	1.0
1	1676	1677	1.0
1	1677	1678	1.0
1	1678	1679	1.0
1	1679	1680	1.0
1	1680	1681	1.0
1	1681	1682	1.0
1	1682	1683	1.0
1	1683	1684	1.0
1	1684	1685	1.0
1	1685	1686	1.0
1	1686	1687	1.0
1	1687	1688	1.0
1	1688	1689	1.0
1	1689	1690	1.0
1	1690	1691	1.0
1	1691	1692	1.0
1	1692	1693	1.0
1	1693	1694	1.0
1	1694	1695	1.0
1	1695	1696	1.0
1	1696	1697	1.0
1	1697	1698	1.0
1	1698	1699	1.0
1	1699	1700	1.0
1	1700	1701	1.0
1	1701	1702	1.0
1	1702	1703	1.0
1	1703	1704	1.0
1	1704	1705	1.0
1	1705	1706	1.0
1	1706	1707	1.0
1	1707	1708	1.0
1	1708	1709	1.0
1	1709	1710	1.0
1	1710	1711	1.0
1	1711	1712	1.0
1	1712	1713	1.0
1	1713	1714	1.0
1	1714	1715	1.0
1	1715	1716	1.0
2	1717	1718	1.0
2	1718	1719	1.0
2	1719	1720	1.0
2	1720	1721	1.0
2	1721	1722	1.0
2	1722	1723	1.0
2	1723	1724	1.0
2	1724	1725	1.0
2	1725	1726	1.0
2	1726	1727	1.0
2	1727	1728	1.0
2	1728	1729	1.0
2	1729	1730	1.0
2	1730	1731	1.0
2	1731	1732	1.0
2	1732	1733	1.0
2	1733	1734	1.0
2	1734	1735	1.0
2	1735	1736	1.0
2	1736	1737	1.0
2	1737	1738	1.0
2	1738	1739	1.0
2	1739	1740	1.0
2	1740	1741	1.0
2	1741	1742	1.0
2	1742	1743	1.0
2	1743	1744	1.0
2	1744	1745	1.0
2	1745	1746	1.0
2	1746	1747	1.0
2	1747	1748	1.0
2	1748	1749	1.0
2	1749	1750	1.0
2	1750	1751	1.0
2	1751	1752	1.0
2	1752	1753	1.0
2	1753	1754	1.0
2	1754	1755	1.0
2	1755	1756	1.0
2	1756	1757	1.0
2	1757	1758	1.0
2	1758	1759	1.0
2	1759	1760	1.0
2	1760	1761	1.0
2	1761	1762	1.0
2	1762	1763	1.0
2	1763	1764	1.0
2	1764	1765	1.0
2	1765	1766	1.0
2	1766	1767	1.0
2	1767	1768	1.0
2	1768	1769	1.0
2	1769	1770	1.0
2	1770	1771	1.0
2	1771	1772	1.0
2	1772	1773	1.0
2	1773	1774	1.0
2	1774	1775	1.0
2	1775	1776	1.0
2	1776	1777	1.0
2	1777	1778	1.0
2	1778	1779	1.0
2	1779	1780	1.0
2	1780	1781	1.0
2	1781	1782	1.0
2	1782	1783	1.0
2	1783	1784	1.0
2	1784	1785	1.0
2	1785	1786	1.0
2	1786	1787	1.0
2	1787	1788	1.0
2	1788	1789	1.0
2	1789	1790	1.0
2	1790	1791	1.0
2	1791	1792	1.0
2	1792	1793	1.0
2	1793	1794	1.0
2	1794	1795	1.0
2	1795	1796	1.0
2	1796	1797	1.0
2	1797	1798	1.0
2	1798	1799	1.0
2	1799	1800	1.0
2	1800	1801	1.0
2	1801	1802	1.0
2	1802	1803	1.0
2	1803	1804	1.0
2	1804	1805	1.0
2	1805	1806	1.0
2	1806	1807	1.0
2	1807	1808	1.0
2	1808	1809	1.0
2	1809	1810	1.0
2	1810	1811	1.0
2	1811	1812	1.0
2	1812	1813	1.0
2	1813	1814	1.0
2	1814	1815	1.0
2	1815	1816	1.0
2	1816	1817	1.0
2	1817	1818	1.0
2	1818	1819	1.0
2	1819	1820	1.0
2	1820	1821	1.0
2	1821	1822	1.0
2	1822	1823	1.0
2	1823	1824	1.0
2	1824	1825	1.0
2	1825	1826	1.0
2	1826	1827	1.0
2	1827	1828	1.0
2	1828	1829	1.0
2	1829	1830	1.0
2	1830	1831	1.0
2	1831	1832	1.0
2	1832	1833	1.0
2	1833	1834	1.0
2	1834	1835	1.0
2	1835	1836	1.0
2	1836	1837	1.0
2	1837	1838	1.0
2	1838	1839	1.0
2	1839	1840	1.0
2	1840	1841	1.0
2	1841	1842	1.0
2	1842	1843	1.0
2	1843	1844	1.0
2	1844	1845	1.0
2	1845	1846	1.0
2	1846	1847	1.0
2	1847	1848	1.0
2	1848	1849	1.0
2	1849	1850	1.0
2	1850	1851	1.0
2	1851	1852	1.0
2	1852	1853	1.0
2	1853	1854	1.0
2	1854	1855	1.0
2	1855	1856	1.0
2	1856	1857	1.0
2	1857	1858	1.0
2	1858	1859	1.0
2	1859	1860	1.0
2	1860	1861	1.0
2	1861	1862	1.0
2	1862	1863	1.0
2	1863	1864	1.0
2	1864	1865	1.0
2	1865	1866	1.0
2	1866	1867	1.0
2	1867	1868	1.0
2	1868	1869	1.0
2	1869	1870	1.0
2	1870	1871	1.0
2	1871	1872	1.0
2	1872	1873	1.0
2	1873	1874	1.0
2	1874	1875	1.0
2	1875	1876	1.0
2	1876	1877	1.0
2	1877	1878	1.0
2	1878	1879	1.0
2	1879	1880	1.0
2	1880	1881	1.0
2	1881	1882	1.0
2	1882	1883	1.0
2	1883	1884	1.0
2	1884	1885	1.0
2	1885	1886	1.0
2	1886	1887	1.0
2	1887	1888	1.0
2	1888	1889	1.0
2	1889	1890	1.0
2	1890	1891	1.0
2	1891	1892	1.0
2	1892	1893	1.0
2	1893	1894	1.0
2	1894	1895	1.0
2	1895	1896	1.0
2	1896	1897	1.0
2	1897	1898	1.0
2	1898	1899	1.0
2	1899	1900	1.0
2	1900	1901	1.0
2	1901	1902	1.0
2	1902	1903	1.0
2	1903	1904	1.0
2	1904	1905	1.0
2	1905	1906	1.0
2	1906	1907	1.0
2	1907	1908	1.0
2	1908	1909	1.0
2	1909	1910	1.0
2	1910	1911	1.0
2	1911	1912	1.0
2	1912	1913	1.0
2	1913	1914	1.0
2	1914	1915	1.0
2	1915	1916	1.0
2	1916	1917	1.0
2	1917	1918	1.0
2	1918	1919	1.0
2	1919	1920	1.0
2	1920	1921	1.0
2	1921	1922	1.0
2	1922	1923	1.0
2	1923	1924	1.0
2	1924	1925	1.0
2	1925	1926	1.0
2	1926	1927	1.0
2	1927	1928	1.0
2	1928	1929	1.0
2	1929	1930	1.0
2	1930	1931	1.0
2	1931	1932	1.0
2	1932	1933	1.0
2	1933	1934	1.0
2	1934	1935	1.0
2	1935	1936	1.0
2	1936	1937	1.0
2	1937	1938	1.0
2	1938	1939	1.0
2	1939	1940	1.0
2	1940	1941	1.0
2	1941	1942	1.0
2	1942	1943	1.0
2	1943	1944	1.0
2	1944	1945	1.0
2	1945	1946	1.0
2	1946	1947	1.0
2	1947	1948	1.0
2	1948	1949	1.0
2	1949	1950	1.0
2	1950	1951	1.0
2	1951	1952	1.0
2	1952	1953	1.0
2	1953	1954	1.0
2	1954	1955	1.0
2	1955	1956	1.0
2	1956	1957	1.0
2	1957	1958	1.0
2	1958	1959	1.0
2	1959	1960	1.0
2	1960	1961	1.0
2	1961	1962	1.0
2	1962	1963	1.0
2	1963	1964	1.0
2	1964	1965	1.0
2	1965	1966	1.0
2	1966	1967	1.0
2	1967	1968	1.0
2	1968	1969	1.0
2	1969	1970	1.0
2	1970	1971	1.0
2	1971	1972	1.0
2	1972	1973	1.0
2	1973	1974	1.0
2	1974	1975	1.0
2	1975	1976	1.0
2	1976	1977	1.0
2	1977	1978	1.0
2	1978	1979	1.0
2	1979	1980	1.0
2	1980	1981	1.0
2	1981	1982	1.0
2	1982	1983	1.0
2	1983	1984	1.0
2	1984	1985	1.0
2	1985	1986	1.0
2	1986	1987	1.0
2	1987	1988	1.0
2	1988	1989	1.0
2	1989	1990	1.0
2	1990	1991	1.0
2	1991	1992	1.0
2	1992	1993	1.0
2	1993	1994	1.0
2	1994	1995	1.0
2	1995	1996	1.0
2	1996	1997	1.0
2	1997	1998	1.0
2	1998	1999	1.0
2	1999	2000	1.0
2	2000	2001	1.0
2	2001	2002	1.0
2	2002	2003	1.0
2	2003	2004	1.0
2	2004	2005	1.0
2	2005	2006	1.0
2	2006	2007	1.0
2	2007	2008	1.0
2	2008	2009	1.0
2	2009	2010	1.0
2	2010	2011	1.0
2	2011	2012	1.0
2	2012	2013	1.0
2	2013	2014	1.0
2	2014	2015	1.0
2	2015	2016	1.0
2	2016	2017	1.0
2	2017	2018	1.0
2	2018	2019	1.0
2	2019	2020	1.0
2	2020	2021	1.0
2	2021	2022	1.0
2	2022	2023	1.0
2	2023	2024	1.0
2	2024	2025	1.0
2	2025	2026	1.0
2	2026	2027	1.0
2	2027	2028	1.0
2	2028	2029	1.0
2	2029	2030	1.0
2	2030	2031	1.0
2	2031	2032	1.0
2	2032	2033	1.0
2	2033	2034	1.0
2	2034	2035	1.0
2	2035	2036	1.0
2	2036	2037	1.0
2	2037	2038	1.0
2	2038	2039	1.0
2	2039	2040	1.0
2	2040	2041	1.0
2	2041	2042	1.0
2	2042	2043	1.0
2	2043	2044	1.0
2	2044	2045	1.0
2	2045	2046	1.0
2	2046	2047	1.0
2	2047	2048	1.0
2	2048	2049	1.0
2	2049	2050	1.0
2	2050	2051	1.0
2	2051	2052	1.0
2	2052	2053	1.0
2	2053	2054	1.0
2	2054	2055	1.0
2	2055	2056	1.0
2	2056	2057	1.0
2	2057	2058	1.0
2	2058	2059	1.0
2	2059	2060	1.0
2	2060	2061	1.0
2	2061	2062	1.0
2	2062	2063	1.0
2	2063	2064	1.0
2	2064	2065	1.0
2	2065	2066	1.0
2	2066	2067	1.0
2	2067	2068	1.0
2	2068	2069	1.0
2	2069	2070	1.0
2	2070	2071	1.0
2	2071	2072	1.0
2	2072	2073	1.0
2	2073	2074	1.0
2	2074	2075	1.0
2	2075	2076	1.0
2	2076	2077	1.0
2	2077	2078	1.0
2	2078	2079	1.0
2	2079	2080	1.0
2	2080	2081	1.0
2	2081	2082	1.0
2	2082	2083	1.0
2	2083	2084	1.0
2	2084	2085	1.0
2	2085	2086	1.0
2	2086	2087	1.0
2	2087	2088	1.0
2	2088	2089	1.0
2	2089	2090	1.0
2	2090	2091	1.0
2	2091	2092	1.0
2	2092	2093	1.0
2	2093	2094	1.0
2	2094	2095	1.0
2	2095	2096	1.0
2	2096	2097	1.0
2	2097	2098	1.0
2	2098	2099	1.0
2	2099	2100	1.0
2	2100	2101	1.0
2	2101	2102	1.0
2	2102	2103	1.0
2	2103	2104	1.0
2	2104	2105	1.0
2	2105	2106	1.0
2	2106	2107	1.0
2	2107	2108	1.0
2	2108	2109	1.0
2	2109	2110	1.0
2	2110	2111	1.0
2	2111	2112	1.0
2	2112	2113	1.0
2	2113	2114	1.0
2	2114	2115	1.0
2	2115	2116	1.0
2	2116	2117	1.0
2	2117	2118	1.0
2	2118	2119	1.0
2	2119	2120	1.0
2	2120	2121	1.0
2	2121	2122	1.0
2	2122	2123	1.0
2	2123	2124	1.0
2	2124	2125	1.0
2	2125	2126	1.0
2	2126	2127	1.0
2	2127	2128	1.0
2	2128	2129	1.0
2	2129	2130	1.0
2	2130	2131	1.0
2	2131	2132	1.0
2	2132	2133	1.0
2	2133	2134	1.0
2	2134	2135	1.0
2	2135	2136	1.0
2	2136	2137	1.0
2	2137	2138	1.0
2	2138	2139	1.0
2	2139	2140	1.0
2	2140	2141	1.0
2	2141	2142	1.0
2	2142	2143	1.0
2	2143	2144	1.0
2	2144	2145	1.0
2	2145	2146	1.0
2	2146	2147	1.0
2	2147	2148	1.0
2	2148	2149	1.0
2	2149	2150	1.0
2	2150	2151	1.0
2	2151	2152	1.0
2	2152	2153	1.0
2	2153	2154	1.0
2	2154	2155	1.0
2	2155	2156	1.0
2	2156	2157	1.0
2	2157	2158	1.0
2	2158	2159	1.0
2	2159	2160	1.0
2	2160	2161	1.0
2	2161	2162	1.0
2	2162	2163	1.0
2	2163	2164	1.0
2	2164	2165	1.0
2	2165	2166	1.0
2	2166	2167	1.0
2	2167	2168	1.0
2	2168	2169	1.0
2	2169	2170	1.0
2	2170	2171	1.0
2	2171	2172	1.0
2	2172	2173	1.0
2	2173	2174	1.0
2	2174	2175	1.0
2	2175	2176	1.0
2	2176	2177	1.0
2	2177	2178	1.0
2	2178	2179	1.0
2	2179	2180	1.0
2	2180	2181	1.0
2	2181	2182	1.0
2	2182	2183	1.0
2	2183	2184	1.0
2	2184	2185	1.0
2	2185	2186	1.0
2	2186	2187	1.0
2	2187	2188	1.0
2	2188	2189	1.0
2	2189	2190	1.0
2	2190	2191	1.0
2	2191	2192	1.0
2	2192	2193	1.0
2	2193	2194	1.0
2	2194	2195	1.0
2	2195	2196	1.0
2	2196	2197	1.0
2	2197	2198	1.0
2	2198	2199	1.0
2	2199	2200	1.0
2	2200	2201	1.0
2	2201	2202	1.0
2	2202	2203	1.0
2	2203	2204	1.0
2	2204	2205	1.0
2	2205	2206	1.0
2	2206	2207	1.0
2	2207	2208	1.0
2	2208	2209	1.0
3	2210	2211	1.0
3	2211	2212	1.0
3	2212	2213	1.0
3	2213	2214	1.0
3	2214	2215	1.0
3	2215	2216	1.0
3	2216	2217	1.0
3	2217	2218	1.0
3	2218	2219	1.0
3	2219	2220	1.0
3	2220	2221	1.0
3	2221	2222	1.0
3	2222	2223	1.0
3	2223	2224	1.0
3	2224	2225	1.0
3	2225	2226	1.0
3	2226	2227	1.0
3	2227	2228	1.0
3	2228	2229	1.0
3	2229	2230	1.0
3	2230	2231	1.0
3	2231	2232	1.0
3	2232	2233	1.0
3	2233	2234	1.0
3	2234	2235	1.0
3	2235	2236	1.0
3	2236	2237	1.0
3	2237	2238	1.0
3	2238	2239	1.0
3	2239	2240	1.0
3	2240	2241	1.0
3	2241	2242	1.0
3	2242	2243	1.0
3	2243	2244	1.0
3	2244	2245	1.0
3	2245	2246	1.0
3	2246	2247	1.0
3	2247	2248	1.0
3	2248	2249	1.0
3	2249	2250	1.0
3	2250	2251	1.0
3	2251	2252	1.0
3	2252	2253	1.0
3	2253	2254	1.0
3	2254	2255	1.0
3	2255	2256	1.0
3	2256	2257	1.0
3	2257	2258	1.0
3	2258	2259	1.0
3	2259	2260	1.0
3	2260	2261	1.0
3	2261	2262	1.0
3	2262	2263	1.0
3	2263	2264	1.0
3	2264	2265	1.0
3	2265	2266	1.0
3	2266	2267	1.0
3	2267	2268	1.0
3	2268	2269	1.0
3	2269	2270	1.0
3	2270	2271	1.0
3	2271	2272	1.0
3	2272	2273	1.0
3	2273	2274	1.0
3	2274	2275	1.0
3	2275	2276	1.0
3	2276	2277	1.0
3	2277	2278	1.0
3	2278	2279	1.0
3	2279	2280	1.0
3	2280	2281	1.0
3	2281	2282	1.0
3	2282	2283	1.0
3	2283	2284	1.0
3	2284	2285	1.0
3	2285	2286	1.0
3	2286	2287	1.0
3	2287	2288	1.0
3	2288	2289	1.0
3	2289	2290	1.0
3	2290	2291	1.0
3	2291	2292	1.0
3	2292	2293	1.0
3	2293	2294	1.0
3	2294	2295	1.0
3	2295	2296	1.0
3	2296	2297	1.0
3	2297	2298	1.0
3	2298	2299	1.0
3	2299	2300	1.0
3	2300	2301	1.0
3	2301	2302	1.0
3	2302	2303	1.0
3	2303	2304	1.0
3	2304	2305	1.0
3	2305	2306	1.0
3	2306	2307	1.0
3	2307	2308	1.0
3	2308	2309	1.0
3	2309	2310	1.0
3	2310	2311	1.0
3	2311	2312	1.0
3	2312	2313	1.0
3	2313	2314	1.0
3	2314	2315	1.0
3	2315	2316	1.0
3	2316	2317	1.0
3	2317	2318	1.0
3	2318	2319	1.0
3	2319	2320	1.0
3	2320	2321	1.0
3	2321	2322	1.0
3	2322	2323	1.0
3	2323	2324	1.0
3	2324	2325	1.0
3	2325	2326	1.0
3	2326	2327	1.0
3	2327	2328	1.0
3	2328	2329	1.0
3	2329	2330	1.0
3	2330	2331	1.0
3	2331	2332	1.0
3	2332	2333	1.0
3	2333	2334	1.0
3	2334	2335	1.0
3	2335	2336	1.0
3	2336	2337	1.0
3	2337	2338	1.0
3	2338	2339	1.0
3	2339	2340	1.0
3	2340	2341	1.0
3	2341	2342	1.0
3	2342	2343	1.0
3	2343	2344	1.0
3	2344	2345	1.0
3	2345	2346	1.0
3	2346	2347	1.0
3	2347	2348	1.0
3	2348	2349	1.0
3	2349	2350	1.0
3	2350	2351	1.0
3	2351	2352	1.0
3	2352	2353	1.0
3	2353	2354	1.0
3	2354	2355	1.0
3	2355	2356	1.0
3	2356	2357	1.0
3	2357	2358	1.0
3	2358	2359	1.0
3	2359	2360	1.0
3	2360	2361	1.0
3	2361	2362	1.0
3	2362	2363	1.0
3	2363	2364	1.0
3	2364	2365	1.0
3	2365	2366	1.0
3	2366	2367	1.0
3	2367	2368	1.0
3	2368	2369	1.0
3	2369	2370	1.0
3	2370	2371	1.0
3	2371	2372	1.0
3	2372	2373	1.0
3	2373	2374	1.0
3	2374	2375	1.0
3	2375	2376	1.0
3	2376	2377	1.0
3	2377	2378	1.0
3	2378	2379	1.0
3	2379	2380	1.0
3	2380	2381	1.0
3	2381	2382	1.0
3	2382	2383	1.0
3	2383	2384	1.0
3	2384	2385	1.0
3	2385	2386	1.0
3	2386	2387	1.0
3	2387	2388	1.0
3	2388	2389	1.0
3	2389	2390	1.0
3	2390	2391	1.0
3	2391	2392	1.0
3	2392	2393	1.0
3	2393	2394	1.0
3	2394	2395	1.0
3	2395	2396	1.0
3	2396	2397	1.0
3	2397	2398	1.0
3	2398	2399	1.0
3	2399	2400	1.0
3	2400	2401	1.0
3	2401	2402	1.0
3	2402	2403	1.0
3	2403	2404	1.0
3	2404	2405	1.0
3	2405	2406	1.0
3	2406	2407	1.0
3	2407	2408	1.0
3	2408	2409	1.0
3	2409	2410	1.0
3	2410	2411	1.0
3	2411	2412	1.0
3	2412	2413	1.0
3	2413	2414	1.0
3	2414	2415	1.0
3	2415	2416	1.0
3	2416	2417	1.0
3	2417	2418	1.0
3	2418	2419	1.0
3	2419	2420	1.0
3	2420	2421	1.0
3	2421	2422	1.0
3	2422	2423	1.0
3	2423	2424	1.0
3	2424	2425	1.0
3	2425	2426	1.0
3	2426	2427	1.0
3	2427	2428	1.0
3	2428	2429	1.0
3	2429	2430	1.0
3	2430	2431	1.0
3	2431	2432	1.0
3	2432	2433	1.0
3	2433	2434	1.0
3	2434	2435	1.0
3	2435	2436	1.0
3	2436	2437	1.0
3	2437	2438	1.0
3	2438	2439	1.0
3	2439	2440	1.0
3	2440	2441	1.0
3	2441	2442	1.0
3	2442	2443	1.0
3	2443	2444	1.0
3	2444	2445	1.0
3	2445	2446	1.0
3	2446	2447	1.0
3	2447	2448	1.0
3	2448	2449	1.0
3	2449	2450	1.0
3	2450	2451	1.0
3	2451	2452	1.0
3	2452	2453	1.0
3	2453	2454	1.0
3	2454	2455	1.0
3	2455	2456	1.0
3	2456	2457	1.0
3	2457	2458	1.0
3	2458	2459	1.0
3	2459	2460	1.0
3	2460	2461	1.0
3	2461	2462	1.0
3	2462	2463	1.0
3	2463	2464	1.0
3	2464	2465	1.0
3	2465	2466	1.0
3	2466	2467	1.0
3	2467	2468	1.0
3	2468	2469	1.0
3	2469	2470	1.0
3	2470	2471	1.0
3	2471	2472	1.0
3	2472	2473	1.0
3	2473	2474	1.0
3	2474	2475	1.0
3	2475	2476	1.0
3	2476	2477	1.0
3	2477	2478	1.0
3	2478	2479	1.0
3	2479	2480	1.0
3	2480	2481	1.0
3	2481	2482	1.0
3	2482	2483	1.0
3	2483	2484	1.0
3	2484	2485	1.0
3	2485	2486	1.0
3	2486	2487	1.0
3	2487	2488	1.0
3	2488	2489	1.0
3	2489	2490	1.0
3	2490	2491	1.0
3	2491	2492	1.0
3	2492	2493	1.0
3	2493	2494	1.0
3	2494	2495	1.0
3	2495	2496	1.0
3	2496	2497	1.0
3	2497	2498	1.0
3	2498	2499	1.0
3	2499	2500	1.0
3	2500	2501	1.0
3	2501	2502	1.0
3	2502	2503	1.0
3	2503	2504	1.0
3	2504	2505	1.0
3	2505	2506	1.0
3	2506	2507	1.0
3	2507	2508	1.0
3	2508	2509	1.0
3	2509	2510	1.0
3	2510	2511	1.0
3	2511	2512	1.0
3	2512	2513	1.0
3	2513	2514	1.0
3	2514	2515	1.0
3	2515	2516	1.0
3	2516	2517	1.0
3	2517	2518	1.0
3	2518	2519	1.0
3	2519	2520	1.0
3	2520	2521	1.0
3	2521	2522	1.0
3	2522	2523	1.0
3	2523	2524	1.0
3	2524	2525	1.0
3	2525	2526	1.0
3	2526	2527	1.0
3	2527	2528	1.0
3	2528	2529	1.0
3	2529	2530	1.0
3	2530	2531	1.0
3	2531	2532	1.0
3	2532	2533	1.0
3	2533	2534	1.0
3	2534	2535	1.0
3	2535	2536	1.0
3	2536	2537	1.0
3	2537	2538	1.0
3	2538	2539	1.0
3	2539	2540	1.0
3	2540	2541	1.0
3	2541	2542	1.0
3	2542	2543	1.0
3	2543	2544	1.0
3	2544	2545	1.0
3	2545	2546	1.0
3	2546	2547	1.0
3	2547	2548	1.0
3	2548	2549	1.0
3	2549	2550	1.0
3	2550	2551	1.0
3	2551	2552	1.0
3	2552	2553	1.0
3	2553	2554	1.0
3	2554	2555	1.0
3	2555	2556	1.0
3	2556	2557	1.0
3	2557	2558	1.0
3	2558	2559	1.0
3	2559	2560	1.0
3	2560	2561	1.0
3	2561	2562	1.0
3	2562	2563	1.0
3	2563	2564	1.0
3	2564	2565	1.0
3	2565	2566	1.0
3	2566	2567	1.0
3	2567	2568	1.0
3	2568	2569	1.0
3	2569	2570	1.0
3	2570	2571	1.0
3	2571	2572	1.0
3	2572	2573	1.0
3	2573	2574	1.0
3	2574	2575	1.0
3	2575	2576	1.0
3	2576	2577	1.0
3	2577	2578	1.0
3	2578	2579	1.0
3	2579	2580	1.0
3	2580	2581	1.0
3	2581	2582	1.0
3	2582	2583	1.0
3	2583	2584	1.0
3	2584	2585	1.0
3	2585	2586	1.0
3	2586	2587	1.0
3	2587	2588	1.0
3	2588	2589	1.0
3	2589	2590	1.0
3	2590	2591	1.0
3	2591	2592	1.0
3	2592	2593	1.0
3	2593	2594	1.0
3	2594	2595	1.0
3	2595	2596	1.0
3	2596	2597	1.0
3	2597	2598	1.0
3	2598	2599	1.0
3	2599	2600	1.0
3	2600	2601	1.0
3	2601	2602	1.0
3	2602	2603	1.0
3	2603	2604	1.0
3	2604	2605	1.0
3	2605	2606	1.0
3	2606	2607	1.0
3	2607	2608	1.0
3	2608	2609	1.0
3	2609	2610	1.0
3	2610	2611	1.0
3	2611	2612	1.0
3	2612	2613	1.0
3	2613	2614	1.0
3	2614	2615	1.0
3	2615	2616	1.0
3	2616	2617	1.0
3	2617	2618	1.0
3	2618	2619	1.0
3	2619	2620	1.0
3	2620	2621	1.0
3	2621	2622	1.0
3	2622	2623	1.0
3	2623	2624	1.0
3	2624	2625	1.0
3	2625	2626	1.0
3	2626	2627	1.0
3	2627	2628	1.0
3	2628	2629	1.0
3	2629	2630	1.0
3	2630	2631	1.0
3	2631	2632	1.0
3	2632	2633	1.0
3	2633	2634	1.0
3	2634	2635	1.0
3	2635	2636	1.0
3	2636	2637	1.0
3	2637	2638	1.0
3	2638	2639	1.0
3	2639	2640	1.0
3	2640	2641	1.0
3	2641	2642	1.0
3	2642	2643	1.0
3	2643	2644	1.0
3	2644	2645	1.0
3	2645	2646	1.0
3	2646	2647	1.0
3	2647	2648	1.0
3	2648	2649	1.0
3	2649	2650	1.0
3	2650	2651	1.0
3	2651	2652	1.0
3	2652	2653	1.0
3	2653	2654	1.0
3	2654	2655	1.0
3	2655	2656	1.0
3	2656	2657	1.0
3	2657	2658	1.0
3	2658	2659	1.0
3	2659	2660	1.0
3	2660	2661	1.0
3	2661	2662	1.0
3	2662	2663	1.0
3	2663	2664	1.0
3	2664	2665	1.0
3	2665	2666	1.0
3	2666	2667	1.0
3	2667	2668	1.0
3	2668	2669	1.0
3	2669	2670	1.0
3	2670	2671	1.0
3	2671	2672	1.0
3	2672	2673	1.0
3	2673	2674	1.0
3	2674	2675	1.0
3	2675	2676	1.0
3	2676	2677	1.0
3	2677	2678	1.0
3	2678	2679	1.0
3	2679	2680	1.0
3	2680	2681	1.0
3	2681	2682	1.0
3	2682	2683	1.0
3	2683	2684	1.0
3	2684	2685	1.0
3	2685	2686	1.0
3	2686	2687	1.0
3	2687	2688	1.0
3	2688	2689	1.0
3	2689	2690	1.0
3	2690	2691	1.0
3	2691	2692	1.0
3	2692	2693	1.0
3	2693	2694	1.0
3	2694	2695	1.0
3	2695	2696	1.0
3	2696	2697	1.0
3	2697	2698	1.0
4	2699	2700	1.0
4	2700	2701	1.0
4	2701	2702	1.0
4	2702	2703	1.0
4	2703	2704	1.0
4	2704	2705	1.0
4	2705	2706	1.0
4	2706	2707	1.0
4	2707	2708	1.0
4	2708	2709	1.0
4	2709	2710	1.0
4	2710	2711	1.0
4	2711	2712	1.0
4	2712	2713	1.0
4	2713	2714	1.0
4	2714	2715	1.0
4	2715	2716	1.0
4	2716	2717	1.0
4	2717	2718	1.0
4	2718	2719	1.0
4	2719	2720	1.0
4	2720	2721	1.0
4	2721	2722	1.0
4	2722	2723	1.0
4	2723	2724	1.0
4	2724	2725	1.0
4	2725	2726	1.0
4	2726	2727	1.0
4	2727	2728	1.0
4	2728	2729	1.0
4	2729	2730	1.0
4	2730	2731	1.0
4	2731	2732	1.0
4	2732	2733	1.0
4	2733	2734	1.0
4	2734	2735	1.0
4	2735	2736	1.0
4	2736	2737	1.0
4	2737	2738	1.0
4	2738	2739	1.0
4	2739	2740	1.0
4	2740	2741	1.0
4	2741	2742	1.0
4	2742	2743	1.0
4	2743	2744	1.0
4	2744	2745	1.0
4	2745	2746	1.0
4	2746	2747	1.0
4	2747	2748	1.0
4	2748	2749	1.0
4	2749	2750	1.0
4	2750	2751	1.0
4	2751	2752	1.0
4	2752	2753	1.0
4	2753	2754	1.0
4	2754	2755	1.0
4	2755	2756	1.0
4	2756	2757	1.0
4	2757	2758	1.0
4	2758	2759	1.0
4	2759	2760	1.0
4	2760	2761	1.0
4	2761	2762	1.0
4	2762	2763	1.0
4	2763	2764	1.0
4	2764	2765	1.0
4	2765	2766	1.0
4	2766	2767	1.0
4	2767	2768	1.0
4	2768	2769	1.0
4	2769	2770	1.0
4	2770	2771	1.0
4	2771	2772	1.0
4	2772	2773	1.0
4	2773	2774	1.0
4	2774	2775	1.0
4	2775	2776	1.0
4	2776	2777	1.0
4	2777	2778	1.0
4	2778	2779	1.0
4	2779	2780	1.0
4	2780	2781	1.0
4	2781	2782	1.0
4	2782	2783	1.0
4	2783	2784	1.0
4	2784	2785	1.0
4	2785	2786	1.0
4	2786	2787	1.0
4	2787	2788	1.0
4	2788	2789	1.0
4	2789	2790	1.0
4	2790	2791	1.0
4	2791	2792	1.0
4	2792	2793	1.0
4	2793	2794	1.0
4	2794	2795	1.0
4	2795	2796	1.0
4	2796	2797	1.0
4	2797	2798	1.0
4	2798	2799	1.0
4	2799	2800	1.0
4	2800	2801	1.0
4	2801	2802	1.0
4	2802	2803	1.0
4	2803	2804	1.0
4	2804	2805	1.0
4	2805	2806	1.0
4	2806	2807	1.0
4	2807	2808	1.0
4	2808	2809	1.0
4	2809	2810	1.0
4	2810	2811	1.0
4	2811	2812	1.0
4	2812	2813	1.0
4	2813	2814	1.0
4	2814	2815	1.0
4	2815	2816	1.0
4	2816	2817	1.0
4	2817	2818	1.0
4	2818	2819	1.0
4	2819	2820	1.0
4	2820	2821	1.0
4	2821	2822	1.0
4	2822	2823	1.0
4	2823	2824	1.0
4	2824	2825	1.0
4	2825	2826	1.0
4	2826	2827	1.0
4	2827	2828	1.0
4	2828	2829	1.0
4	2829	2830	1.0
4	2830	2831	1.0
4	2831	2832	1.0
4	2832	2833	1.0
4	2833	2834	1.0
4	2834	2835	1.0
4	2835	2836	1.0
4	2836	2837	1.0
4	2837	2838	1.0
4	2838	2839	1.0
4	2839	2840	1.0
4	2840	2841	1.0
4	2841	2842	1.0
4	2842	2843	1.0
4	2843	2844	1.0
4	2844	2845	1.0
4	2845	2846	1.0
4	2846	2847	1.0
4	2847	2848	1.0
4	2848	2849	1.0
4	2849	2850	1.0
4	2850	2851	1.0
4	2851	2852	1.0
4	2852	2853	1.0
4	2853	2854	1.0
4	2854	2855	1.0
4	2855	2856	1.0
4	2856	2857	1.0
4	2857	2858	1.0
4	2858	2859	1.0
4	2859	2860	1.0
4	2860	2861	1.0
4	2861	2862	1.0
4	2862	2863	1.0
4	2863	2864	1.0
4	2864	2865	1.0
4	2865	2866	1.0
4	2866	2867	1.0
4	2867	2868	1.0
4	2868	2869	1.0
4	2869	2870	1.0
4	2870	2871	1.0
4	2871	2872	1.0
4	2872	2873	1.0
4	2873	2874	1.0
4	2874	2875	1.0
4	2875	2876	1.0
4	2876	2877	1.0
4	2877	2878	1.0
4	2878	2879	1.0
4	2879	2880	1.0
4	2880	2881	1.0
4	2881	2882	1.0
4	2882	2883	1.0
4	2883	2884	1.0
4	2884	2885	1.0
4	2885	2886	1.0
4	2886	2887	1.0
4	2887	2888	1.0
4	2888	2889	1.0
4	2889	2890	1.0
4	2890	2891	1.0
4	2891	2892	1.0
4	2892	2893	1.0
4	2893	2894	1.0
4	2894	2895	1.0
4	2895	2896	1.0
4	2896	2897	1.0
4	2897	2898	1.0
4	2898	2899	1.0
4	2899	2900	1.0
4	2900	2901	1.0
4	2901	2902	1.0
4	2902	2903	1.0
4	2903	2904	1.0
4	2904	2905	1.0
4	2905	2906	1.0
4	2906	2907	1.0
4	2907	2908	1.0
4	2908	2909	1.0
4	2909	2910	1.0
4	2910	2911	1.0
4	2911	2912	1.0
4	2912	2913	1.0
4	2913	2914	1.0
4	2914	2915	1.0
4	2915	2916	1.0
4	2916	2917	1.0
4	2917	2918	1.0
4	2918	2919	1.0
4	2919	2920	1.0
4	2920	2921	1.0
4	2921	2922	1.0
4	2922	2923	1.0
4	2923	2924	1.0
4	2924	2925	1.0
4	2925	2926	1.0
4	2926	2927	1.0
4	2927	2928	1.0
4	2928	2929	1.0
4	2929	2930	1.0
4	2930	2931	1.0
4	2931	2932	1.0
4	2932	2933	1.0
4	2933	2934	1.0
4	2934	2935	1.0
4	2935	2936	1.0
4	2936	2937	1.0
4	2937	2938	1.0
4	2938	2939	1.0
4	2939	2940	1.0
4	2940	2941	1.0
4	2941	2942	1.0
4	2942	2943	1.0
4	2943	2944	1.0
4	2944	2945	1.0
4	2945	2946	1.0
4	2946	2947	1.0
4	2947	2948	1.0
4	2948	2949	1.0
4	2949	2950	1.0
4	2950	2951	1.0
4	2951	2952	1.0
4	2952	2953	1.0
4	2953	2954	1.0
4	2954	2955	1.0
4	2955	2956	1.0
4	2956	2957	1.0
4	2957	2958	1.0
4	2958	2959	1.0
4	2959	2960	1.0
4	2960	2961	1.0
4	2961	2962	1.0
4	2962	2963	1.0
4	2963	2964	1.0
4	2964	2965	1.0
4	2965	2966	1.0
4	2966	2967	1.0
4	2967	2968	1.0
4	2968	2969	1.0
4	2969	2970	1.0
4	2970	2971	1.0
4	2971	2972	1.0
4	2972	2973	1.0
4	2973	2974	1.0
4	2974	2975	1.0
4	2975	2976	1.0
4	2976	2977	1.0
4	2977	2978	1.0
4	2978	2979	1.0
4	2979	2980	1.0
4	2980	2981	1.0
4	2981	2982	1.0
4	2982	2983	1.0
4	2983	2984	1.0
4	2984	2985	1.0
4	2985	2986	1.0
4	2986	2987	1.0
4	2987	2988	1.0
4	2988	2989	1.0
4	2989	2990	1.0
4	2990	2991	1.0
4	2991	2992	1.0
4	2992	2993	1.0
4	2993	2994	1.0
4	2994	2995	1.0
4	2995	2996	1.0
4	2996	2997	1.0
4	2997	2998	1.0
4	2998	2999	1.0
4	2999	3000	1.0
4	3000	3001	1.0
4	3001	3002	1.0
4	3002	3003	1.0
4	3003	3004	1.0
4	3004	3005	1.0
4	3005	3006	1.0
4	3006	3007	1.0
4	3007	3008	1.0
4	3008	3009	1.0
4	3009	3010	1.0
4	3010	3011	1.0
4	3011	3012	1.0
4	3012	3013	1.0
4	3013	3014	1.0
4	3014	3015	1.0
4	3015	3016	1.0
4	3016	3017	1.0
4	3017	3018	1.0
4	3018	3019	1.0
4	3019	3020	1.0
4	3020	3021	1.0
4	3021	3022	1.0
4	3022	3023	1.0
4	3023	3024	1.0
4	3024	3025	1.0
4	3025	3026	1.0
4	3026	3027	1.0
4	3027	3028	1.0
4	3028	3029	1.0
4	3029	3030	1.0
4	3030	3031	1.0
4	3031	3032	1.0
4	3032	3033	1.0
4	3033	3034	1.0
4	3034	3035	1.0
4	3035	3036	1.0
4	3036	3037	1.0
4	3037	3038	1.0
4	3038	3039	1.0
4	3039	3040	1.0
4	3040	3041	1.0
4	3041	3042	1.0
4	3042	3043	1.0
4	3043	3044	1.0
4	3044	3045	1.0
4	3045	3046	1.0
4	3046	3047	1.0
4	3047	3048	1.0
4	3048	3049	1.0
4	3049	3050	1.0
4	3050	3051	1.0
4	3051	3052	1.0
4	3052	3053	1.0
4	3053	3054	1.0
4	3054	3055	1.0
4	3055	3056	1.0
4	3056	3057	1.0
4	3057	3058	1.0
4	3058	3059	1.0
4	3059	3060	1.0
4	3060	3061	1.0
4	3061	3062	1.0
4	3062	3063	1.0
4	3063	3064	1.0
4	3064	3065	1.0
4	3065	3066	1.0
4	3066	3067	1.0
4	3067	3068	1.0
4	3068	3069	1.0
4	3069	3070	1.0
4	3070	3071	1.0
4	3071	3072	1.0
4	3072	3073	1.0
4	3073	3074	1.0
4	3074	3075	1.0
4	3075	3076	1.0
4	3076	3077	1.0
4	3077	3078	1.0
4	3078	3079	1.0
4	3079	3080	1.0
4	3080	3081	1.0
4	3081	3082	1.0
4	3082	3083	1.0
4	3083	3084	1.0
4	3084	3085	1.0
4	3085	3086	1.0
4	3086	3087	1.0
4	3087	3088	1.0
4	3088	3089	1.0
4	3089	3090	1.0
4	3090	3091	1.0
4	3091	3092	1.0
4	3092	3093	1.0
4	3093	3094	1.0
4	3094	3095	1.0
4	3095	3096	1.0
4	3096	3097	1.0
4	3097	3098	1.0
4	3098	3099	1.0
4	3099	3100	1.0
4	3100	3101	1.0
4	3101	3102	1.0
4	3102	3103	1.0
4	3103	3104	1.0
4	3104	3105	1.0
4	3105	3106	1.0
4	3106	3107	1.0
4	3107	3108	1.0
4	3108	3109	1.0
4	3109	3110	1.0
4	3110	3111	1.0
4	3111	3112	1.0
4	3112	3113	1.0
4	3113	3114	1.0
4	3114	3115	1.0
4	3115	3116	1.0
4	3116	3117	1.0
4	3117	3118	1.0
4	3118	3119	1.0
4	3119	3120	1.0
4	3120	3121	1.0
4	3121	3122	1.0
4	3122	3123	1.0
4	3123	3124	1.0
4	3124	3125	1.0
4	3125	3126	1.0
4	3126	3127	1.0
4	3127	3128	1.0
4	3128	3129	1.0
4	3129	3130	1.0
4	3130	3131	1.0
4	3131	3132	1.0
4	3132	3133	1.0
4	3133	3134	1.0
4	3134	3135	1.0
4	3135	3136	1.0
4	3136	3137	1.0
4	3137	3138	1.0
4	3138	3139	1.0
4	3139	3140	1.0
4	3140	3141	1.0
4	3141	3142	1.0
4	3142	3143	1.0
4	3143	3144	1.0
4	3144	3145	1.0
4	3145	3146	1.0
4	3146	3147	1.0
4	3147	3148	1.0
4	3148	3149	1.0
4	3149	3150	1.0
4	3150	3151	1.0
4	3151	3152	1.0
4	3152	3153	1.0
4	3153	3154	1.0
4	3154	3155	1.0
4	3155	3156	1.0
4	3156	3157	1.0
4	3157	3158	1.0
4	3158	3159	1.0
4	3159	3160	1.0
4	3160	3161	1.0
4	3161	3162	1.0
4	3162	3163	1.0
4	3163	3164	1.0
4	3164	3165	1.0
4	3165	3166	1.0
4	3166	3167	1.0
4	3167	3168	1.0
4	3168	3169	1.0
4	3169	3170	1.0
4	3170	3171	1.0
4	3171	3172	1.0
4	3172	3173	1.0
4	3173	3174	1.0
4	3174	3175	1.0
4	3175	3176	1.0
4	3176	3177	1.0
4	3177	3178	1.0
4	3178	3179	1.0
4	3179	3180	1.0
4	3180	3181	1.0
4	3181	3182	1.0
4	3182	3183	1.0
4	3183	3184	1.0
4	3184	3185	1.0
4	3185	3186	1.0
4	3186	3187	1.0
4	3187	3188	1.0
4	3188	3189	1.0
4	3189	3190	1.0
4	3190	3191	1.0
4	3191	3192	1.0
4	3192	3193	1.0
4	3193	3194	1.0
4	3194	3195	1.0
4	3195	3196	1.0
4	3196	3197	1.0
4	3197	3198	1.0
4	3198	3199	1.0
4	3199	3200	1.0
4	3200	3201	1.0
4	3201	3202	1.0
4	3202	3203	1.0
4	3203	3204	1.0
4	3204	3205	1.0
4	3205	3206	1.0
4	3206	3207	1.0
4	3207	3208	1.0
4	3208	3209	1.0
4	3209	3210	1.0
4	3210	3211	1.0
4	3211	3212	1.0
4	3212	3213	1.0
4	3213	3214	1.0
4	3214	3215	1.0
4	3215	3216	1.0
4	3216	3217	1.0
4	3217	3218	1.0
4	3218	3219	1.0
4	3219	3220	1.0
4	3220	3221	1.0
4	3221	3222	1.0
4	3222	3223	1.0
4	3223	3224	1.0
4	3224	3225	1.0
4	3225	3226	1.0
4	3226	3227	1.0
4	3227	3228	1.0
4	3228	3229	1.0
4	3229	3230	1.0
4	3230	3231	1.0
4	3231	3232	1.0
4	3232	3233	1.0
4	3233	3234	1.0
4	3234	3235	1.0
4	3235	3236	1.0
4	3236	3237	1.0
4	3237	3238	1.0
4	3238	3239	1.0
4	3239	3240	1.0
4	3240	3241	1.0
4	3241	3242	1.0
4	3242	3243	1.0
4	3243	3244	1.0
4	3244	3245	1.0
4	3245	3246	1.0
4	3246	3247	1.0
4	3247	3248	1.0
4	3248	3249	1.0
4	3249	3250	1.0
4	3250	3251	1.0
4	3251	3252	1.0
4	3252	3253	1.0
4	3253	3254	1.0
4	3254	3255	1.0
4	3255	3256	1.0
4	3256	3257	1.0
4	3257	3258	1.0
4	3258	3259	1.0
4	3259	3260	1.0
4	3260	3261	1.0
4	3261	3262	1.0
4	3262	3263	1.0
4	3263	3264	1.0
4	3264	3265	1.0
4	3265	3266	1.0
4	3266	3267	1.0
4	3267	3268	1.0
4	3268	3269	1.0
4	3269	3270	1.0
4	3270	3271	1.0
4	3271	3272	1.0
4	3272	3273	1.0
4	3273	3274	1.0
4	3274	3275	1.0
4	3275	3276	1.0
4	3276	3277	1.0
4	3277	3278	1.0
4	3278	3279	1.0
4	3279	3280	1.0
4	3280	3281	1.0
4	3281	3282	1.0
4	3282	3283	1.0
4	3283	3284	1.0
4	3284	3285	1.0
4	3285	3286	1.0
4	3286	3287	1.0
4	3287	3288	1.0
4	3288	3289	1.0
4	3289	3290	1.0
4	3290	3291	1.0
4	3291	3292	1.0
4	3292	3293	1.0
4	3293	3294	1.0
4	3294	3295	1.0
4	3295	3296	1.0
4	3296	3297	1.0
4	3297	3298	1.0
4	3298	3299	1.0
4	3299	3300	1.0
4	3300	3301	1.0
4	3301	3302	1.0
4	3302	3303	1.0
4	3303	3304	1.0
4	3304	3305	1.0
4	3305	3306	1.0
4	3306	3307	1.0
4	3307	3308	1.0
4	3308	3309	1.0
4	3309	3310	1.0
4	3310	3311	1.0
4	3311	3312	1.0
4	3312	3313	1.0
4	3313	3314	1.0
4	3314	3315	1.0
4	3315	3316	1.0
4	3316	3317	1.0
4	3317	3318	1.0
4	3318	3319	1.0
4	3319	3320	1.0
4	3320	3321	1.0
4	3321	3322	1.0
4	3322	3323	1.0
4	3323	3324	1.0
4	3324	3325	1.0
4	3325	3326	1.0
4	3326	3327	1.0
4	3327	3328	1.0
4	3328	3329	1.0
4	3329	3330	1.0
4	3330	3331	1.0
4	3331	3332	1.0
4	3332	3333	1.0
4	3333	3334	1.0
4	3334	3335	1.0
4	3335	3336	1.0
4	3336	3337	1.0
4	3337	3338	1.0
4	3338	3339	1.0
4	3339	3340	1.0
4	3340	3341	1.0
4	3341	3342	1.0
4	3342	3343	1.0
4	3343	3344	1.0
4	3344	3345	1.0
4	3345	3346	1.0
4	3346	3347	1.0
4	3347	3348	1.0
4	3348	3349	1.0
4	3349	3350	1.0
4	3350	3351	1.0
4	3351	3352	1.0
4	3352	3353	1.0
4	3353	3354	1.0
4	3354	3355	1.0
4	3355	3356	1.0
4	3356	3357	1.0
4	3357	3358	1.0
4	3358	3359	1.0
4	3359	3360	1.0
5	3361	3362	1.0
5	3362	3363	1.0
5	3363	3364	1.0
5	3364	3365	1.0
5	3365	3366	1.0
5	3366	3367	1.0
5	3367	3368	1.0
5	3368	3369	1.0
5	3369	3370	1.0
5	3370	3371	1.0
5	3371	3372	1.0
5	3372	3373	1.0
5	3373	3374	1.0
5	3374	3375	1.0
5	3375	3376	1.0
5	3376	3377	1.0
5	3377	3378	1.0
5	3378	3379	1.0
5	3379	3380	1.0
5	3380	3381	1.0
5	3381	3382	1.0
5	3382	3383	1.0
5	3383	3384	1.0
5	3384	3385	1.0
5	3385	3386	1.0
5	3386	3387	1.0
5	3387	3388	1.0
5	3388	3389	1.0
5	3389	3390	1.0
5	3390	3391	1.0
5	3391	3392	1.0
5	3392	3393	1.0
5	3393	3394	1.0
5	3394	3395	1.0
5	3395	3396	1.0
5	3396	3397	1.0
5	3397	3398	1.0
5	3398	3399	1.0
5	3399	3400	1.0
5	3400	3401	1.0
5	3401	3402	1.0
5	3402	3403	1.0
5	3403	3404	1.0
5	3404	3405	1.0
5	3405	3406	1.0
5	3406	3407	1.0
5	3407	3408	1.0
5	3408	3409	1.0
5	3409	3410	1.0
5	3410	3411	1.0
5	3411	3412	1.0
5	3412	3413	1.0
5	3413	3414	1.0
5	3414	3415	1.0
5	3415	3416	1.0
5	3416	3417	1.0
5	3417	3418	1.0
5	3418	3419	1.0
5	3419	3420	1.0
5	3420	3421	1.0
5	3421	3422	1.0
5	3422	3423	1.0
5	3423	3424	1.0
5	3424	3425	1.0
5	3425	3426	1.0
5	3426	3427	1.0
5	3427	3428	1.0
5	3428	3429	1.0
5	3429	3430	1.0
5	3430	3431	1.0
5	3431	3432	1.0
5	3432	3433	1.0
5	3433	3434	1.0
5	3434	3435	1.0
5	3435	3436	1.0
5	3436	3437	1.0
5	3437	3438	1.0
5	3438	3439	1.0
5	3439	3440	1.0
5	3440	3441	1.0
5	3441	3442	1.0
5	3442	3443	1.0
5	3443	3444	1.0
5	3444	3445	1.0
5	3445	3446	1.0
5	3446	3447	1.0
5	3447	3448	1.0
5	3448	3449	1.0
5	3449	3450	1.0
5	3450	3451	1.0
5	3451	3452	1.0
5	3452	3453	1.0
5	3453	3454	1.0
5	3454	3455	1.0
5	3455	3456	1.0
5	3456	3457	1.0
5	3457	3458	1.0
5	3458	3459	1.0
5	3459	3460	1.0
5	3460	3461	1.0
5	3461	3462	1.0
5	3462	3463	1.0
5	3463	3464	1.0
5	3464	3465	1.0
5	3465	3466	1.0
5	3466	3467	1.0
5	3467	3468	1.0
5	3468	3469	1.0
5	3469	3470	1.0
5	3470	3471	1.0
5	3471	3472	1.0
5	3472	3473	1.0
5	3473	3474	1.0
5	3474	3475	1.0
5	3475	3476	1.0
5	3476	3477	1.0
5	3477	3478	1.0
5	3478	3479	1.0
5	3479	3480	1.0
5	3480	3481	1.0
5	3481	3482	1.0
5	3482	3483	1.0
5	3483	3484	1.0
5	3484	3485	1.0
5	3485	3486	1.0
5	3486	3487	1.0
5	3487	3488	1.0
5	3488	3489	1.0
5	3489	3490	1.0
5	3490	3491	1.0
5	3491	3492	1.0
5	3492	3493	1.0
5	3493	3494	1.0
5	3494	3495	1.0
5	3495	3496	1.0
5	3496	3497	1.0
5	3497	3498	1.0
5	3498	3499	1.0
5	3499	3500	1.0
5	3500	3501	1.0
5	3501	3502	1.0
5	3502	3503	1.0
5	3503	3504	1.0
5	3504	3505	1.0
5	3505	3506	1.0
5	3506	3507	1.0
5	3507	3508	1.0
5	3508	3509	1.0
5	3509	3510	1.0
5	3510	3511	1.0
5	3511	3512	1.0
5	3512	3513	1.0
5	3513	3514	1.0
5	3514	3515	1.0
5	3515	3516	1.0
5	3516	3517	1.0
5	3517	3518	1.0
5	3518	3519	1.0
5	3519	3520	1.0
5	3520	3521	1.0
5	3521	3522	1.0
5	3522	3523	1.0
5	3523	3524	1.0
5	3524	3525	1.0
5	3525	3526	1.0
5	3526	3527	1.0
5	3527	3528	1.0
5	3528	3529	1.0
5	3529	3530	1.0
5	3530	3531	1.0
5	3531	3532	1.0
5	3532	3533	1.0
5	3533	3534	1.0
5	3534	3535	1.0
5	3535	3536	1.0
5	3536	3537	1.0
5	3537	3538	1.0
5	3538	3539	1.0
5	3539	3540	1.0
5	3540	3541	1.0
5	3541	3542	1.0
5	3542	3543	1.0
5	3543	3544	1.0
5	3544	3545	1.0
5	3545	3546	1.0
5	3546	3547	1.0
5	3547	3548	1.0
5	3548	3549	1.0
5	3549	3550	1.0
5	3550	3551	1.0
5	3551	3552	1.0
5	3552	3553	1.0
5	3553	3554	1.0
5	3554	3555	1.0
5	3555	3556	1.0
5	3556	3557	1.0
5	3557	3558	1.0
5	3558	3559	1.0
5	3559	3560	1.0
5	3560	3561	1.0
5	3561	3562	1.0
5	3562	3563	1.0
5	3563	3564	1.0
5	3564	3565	1.0
5	3565	3566	1.0
5	3566	3567	1.0
5	3567	3568	1.0
5	3568	3569	1.0
5	3569	3570	1.0
5	3570	3571	1.0
5	3571	3572	1.0
5	3572	3573	1.0
5	3573	3574	1.0
5	3574	3575	1.0
5	3575	3576	1.0
5	3576	3577	1.0
5	3577	3578	1.0
5	3578	3579	1.0
5	3579	3580	1.0
5	3580	3581	1.0
5	3581	3582	1.0
5	3582	3583	1.0
5	3583	3584	1.0
5	3584	3585	1.0
5	3585	3586	1.0
5	3586	3587	1.0
5	3587	3588	1.0
5	3588	3589	1.0
5	3589	3590	1.0
5	3590	3591	1.0
5	3591	3592	1.0
5	3592	3593	1.0
5	3593	3594	1.0
5	3594	3595	1.0
5	3595	3596	1.0
5	3596	3597	1.0
5	3597	3598	1.0
5	3598	3599	1.0
5	3599	3600	1.0
5	3600	3601	1.0
5	3601	3602	1.0
5	3602	3603	1.0
5	3603	3604	1.0
5	3604	3605	1.0
5	3605	3606	1.0
5	3606	3607	1.0
5	3607	3608	1.0
5	3608	3609	1.0
5	3609	3610	1.0
5	3610	3611	1.0
5	3611	3612	1.0
5	3612	3613	1.0
5	3613	3614	1.0
5	3614	3615	1.0
5	3615	3616	1.0
5	3616	3617	1.0
5	3617	3618	1.0
5	3618	3619	1.0
5	3619	3620	1.0
5	3620	3621	1.0
5	3621	3622	1.0
5	3622	3623	1.0
5	3623	3624	1.0
5	3624	3625	1.0
5	3625	3626	1.0
5	3626	3627	1.0
5	3627	3628	1.0
5	3628	3629	1.0
5	3629	3630	1.0
5	3630	3631	1.0
5	3631	3632	1.0
5	3632	3633	1.0
5	3633	3634	1.0
5	3634	3635	1.0
5	3635	3636	1.0
5	3636	3637	1.0
5	3637	3638	1.0
5	3638	3639	1.0
5	3639	3640	1.0
5	3640	3641	1.0
5	3641	3642	1.0
5	3642	3643	1.0
5	3643	3644	1.0
5	3644	3645	1.0
5	3645	3646	1.0
5	3646	3647	1.0
5	3647	3648	1.0
5	3648	3649	1.0
5	3649	3650	1.0
5	3650	3651	1.0
5	3651	3652	1.0
5	3652	3653	1.0
5	3653	3654	1.0
5	3654	3655	1.0
5	3655	3656	1.0
5	3656	3657	1.0
5	3657	3658	1.0
5	3658	3659	1.0
5	3659	3660	1.0
5	3660	3661	1.0
5	3661	3662	1.0
5	3662	3663	1.0
5	3663	3664	1.0
5	3664	3665	1.0
5	3665	3666	1.0
5	3666	3667	1.0
5	3667	3668	1.0
5	3668	3669	1.0
5	3669	3670	1.0
5	3670	3671	1.0
5	3671	3672	1.0
5	3672	3673	1.0
5	3673	3674	1.0
5	3674	3675	1.0
5	3675	3676	1.0
5	3676	3677	1.0
5	3677	3678	1.0
5	3678	3679	1.0
5	3679	3680	1.0
5	3680	3681	1.0
5	3681	3682	1.0
5	3682	3683	1.0
5	3683	3684	1.0
5	3684	3685	1.0
5	3685	3686	1.0
5	3686	3687	1.0
5	3687	3688	1.0
5	3688	3689	1.0
5	3689	3690	1.0
5	3690	3691	1.0
5	3691	3692	1.0
5	3692	3693	1.0
5	3693	3694	1.0
5	3694	3695	1.0
5	3695	3696	1.0
5	3696	3697	1.0
5	3697	3698	1.0
5	3698	3699	1.0
5	3699	3700	1.0
5	3700	3701	1.0
5	3701	3702	1.0
5	3702	3703	1.0
5	3703	3704	1.0
5	3704	3705	1.0
5	3705	3706	1.0
5	3706	3707	1.0
5	3707	3708	1.0
5	3708	3709	1.0
5	3709	3710	1.0
5	3710	3711	1.0
5	3711	3712	1.0
5	3712	3713	1.0
5	3713	3714	1.0
5	3714	3715	1.0
5	3715	3716	1.0
5	3716	3717	1.0
5	3717	3718	1.0
5	3718	3719	1.0
5	3719	3720	1.0
5	3720	3721	1.0
5	3721	3722	1.0
5	3722	3723	1.0
5	3723	3724	1.0
5	3724	3725	1.0
5	3725	3726	1.0
5	3726	3727	1.0
5	3727	3728	1.0
5	3728	3729	1.0
5	3729	3730	1.0
5	3730	3731	1.0
5	3731	3732	1.0
5	3732	3733	1.0
5	3733	3734	1.0
5	3734	3735	1.0
5	3735	3736	1.0
5	3736	3737	1.0
5	3737	3738	1.0
5	3738	3739	1.0
5	3739	3740	1.0
5	3740	3741	1.0
5	3741	3742	1.0
5	3742	3743	1.0
5	3743	3744	1.0
5	3744	3745	1.0
5	3745	3746	1.0
5	3746	3747	1.0
5	3747	3748	1.0
5	3748	3749	1.0
5	3749	3750	1.0
5	3750	3751	1.0
5	3751	3752	1.0
5	3752	3753	1.0
5	3753	3754	1.0
5	3754	3755	1.0
5	3755	3756	1.0
5	3756	3757	1.0
5	3757	3758	1.0
5	3758	3759	1.0
5	3759	3760	1.0
5	3760	3761	1.0
5	3761	3762	1.0
5	3762	3763	1.0
5	3763	3764	1.0
5	3764	3765	1.0
5	3765	3766	1.0
5	3766	3767	1.0
5	3767	3768	1.0
5	3768	3769	1.0
5	3769	3770	1.0
5	3770	3771	1.0
5	3771	3772	1.0
5	3772	3773	1.0
5	3773	3774	1.0
5	3774	3775	1.0
5	3775	3776	1.0
5	3776	3777	1.0
5	3777	3778	1.0
5	3778	3779	1.0
6	3780	3781	1.0
6	3781	3782	1.0
6	3782	3783	1.0
6	3783	3784	1.0
6	3784	3785	1.0
6	3785	3786	1.0
6	3786	3787	1.0
6	3787	3788	1.0
6	3788	3789	1.0
6	3789	3790	1.0
6	3790	3791	1.0
6	3791	3792	1.0
6	3792	3793	1.0
6	3793	3794	1.0
6	3794	3795	1.0
6	3795	3796	1.0
6	3796	3797	1.0
6	3797	3798	1.0
6	3798	3799	1.0
6	3799	3800	1.0
6	3800	3801	1.0
6	3801	3802	1.0
6	3802	3803	1.0
6	3803	3804	1.0
6	3804	3805	1.0
6	3805	3806	1.0
6	3806	3807	1.0
6	3807	3808	1.0
6	3808	3809	1.0
6	3809	3810	1.0
6	3810	3811	1.0
6	3811	3812	1.0
6	3812	3813	1.0
6	3813	3814	1.0
6	3814	3815	1.0
6	3815	3816	1.0
6	3816	3817	1.0
6	3817	3818	1.0
6	3818	3819	1.0
6	3819	3820	1.0
6	3820	3821	1.0
6	3821	3822	1.0
6	3822	3823	1.0
6	3823	3824	1.0
6	3824	3825	1.0
6	3825	3826	1.0
6	3826	3827	1.0
6	3827	3828	1.0
6	3828	3829	1.0
6	3829	3830	1.0
6	3830	3831	1.0
6	3831	3832	1.0
6	3832	3833	1.0
6	3833	3834	1.0
6	3834	3835	1.0
6	3835	3836	1.0
6	3836	3837	1.0
6	3837	3838	1.0
6	3838	3839	1.0
6	3839	3840	1.0
6	3840	3841	1.0
6	3841	3842	1.0
6	3842	3843	1.0
6	3843	3844	1.0
6	3844	3845	1.0
6	3845	3846	1.0
6	3846	3847	1.0
6	3847	3848	1.0
6	3848	3849	1.0
6	3849	3850	1.0
6	3850	3851	1.0
6	3851	3852	1.0
6	3852	3853	1.0
6	3853	3854	1.0
6	3854	3855	1.0
6	3855	3856	1.0
6	3856	3857	1.0
6	3857	3858	1.0
6	3858	3859	1.0
6	3859	3860	1.0
6	3860	3861	1.0
6	3861	3862	1.0
6	3862	3863	1.0
6	3863	3864	1.0
6	3864	3865	1.0
6	3865	3866	1.0
6	3866	3867	1.0
6	3867	3868	1.0
6	3868	3869	1.0
6	3869	3870	1.0
6	3870	3871	1.0
6	3871	3872	1.0
6	3872	3873	1.0
6	3873	3874	1.0
6	3874	3875	1.0
6	3875	3876	1.0
6	3876	3877	1.0
6	3877	3878	1.0
6	3878	3879	1.0
6	3879	3880	1.0
6	3880	3881	1.0
6	3881	3882	1.0
6	3882	3883	1.0
6	3883	3884	1.0
6	3884	3885	1.0
6	3885	3886	1.0
6	3886	3887	1.0
6	3887	3888	1.0
6	3888	3889	1.0
6	3889	3890	1.0
6	3890	3891	1.0
6	3891	3892	1.0
6	3892	3893	1.0
6	3893	3894	1.0
6	3894	3895	1.0
6	3895	3896	1.0
6	3896	3897	1.0
6	3897	3898	1.0
6	3898	3899	1.0
6	3899	3900	1.0
6	3900	3901	1.0
6	3901	3902	1.0
6	3902	3903	1.0
6	3903	3904	1.0
6	3904	3905	1.0
6	3905	3906	1.0
6	3906	3907	1.0
6	3907	3908	1.0
6	3908	3909	1.0
6	3909	3910	1.0
6	3910	3911	1.0
6	3911	3912	1.0
6	3912	3913	1.0
6	3913	3914	1.0
6	3914	3915	1.0
6	3915	3916	1.0
6	3916	3917	1.0
6	3917	3918	1.0
6	3918	3919	1.0
6	3919	3920	1.0
6	3920	3921	1.0
6	3921	3922	1.0
6	3922	3923	1.0
6	3923	3924	1.0
6	3924	3925	1.0
6	3925	3926	1.0
6	3926	3927	1.0
6	3927	3928	1.0
6	3928	3929	1.0
6	3929	3930	1.0
6	3930	3931	1.0
6	3931	3932	1.0
6	3932	3933	1.0
6	3933	3934	1.0
6	3934	3935	1.0
6	3935	3936	1.0
6	3936	3937	1.0
6	3937	3938	1.0
6	3938	3939	1.0
6	3939	3940	1.0
6	3940	3941	1.0
6	3941	3942	1.0
6	3942	3943	1.0
6	3943	3944	1.0
6	3944	3945	1.0
6	3945	3946	1.0
6	3946	3947	1.0
6	3947	3948	1.0
6	3948	3949	1.0
6	3949	3950	1.0
6	3950	3951	1.0
6	3951	3952	1.0
6	3952	3953	1.0
6	3953	3954	1.0
6	3954	3955	1.0
6	3955	3956	1.0
6	3956	3957	1.0
6	3957	3958	1.0
6	3958	3959	1.0
6	3959	3960	1.0
6	3960	3961	1.0
6	3961	3962	1.0
6	3962	3963	1.0
6	3963	3964	1.0
6	3964	3965	1.0
6	3965	3966	1.0
6	3966	3967	1.0
6	3967	3968	1.0
6	3968	3969	1.0
6	3969	3970	1.0
6	3970	3971	1.0
6	3971	3972	1.0
6	3972	3973	1.0
6	3973	3974	1.0
6	3974	3975	1.0
6	3975	3976	1.0
6	3976	3977	1.0
6	3977	3978	1.0
6	3978	3979	1.0
6	3979	3980	1.0
6	3980	3981	1.0
6	3981	3982	1.0
6	3982	3983	1.0
6	3983	3984	1.0
6	3984	3985	1.0
6	3985	3986	1.0
6	3986	3987	1.0
6	3987	3988	1.0
6	3988	3989	1.0
6	3989	3990	1.0
6	3990	3991	1.0
6	3991	3992	1.0
6	3992	3993	1.0
6	3993	3994	1.0
6	3994	3995	1.0
6	3995	3996	1.0
6	3996	3997	1.0
6	3997	3998	1.0
6	3998	3999	1.0
6	3999	4000	1.0
6	4000	4001	1.0
6	4001	4002	1.0
6	4002	4003	1.0
6	4003	4004	1.0
6	4004	4005	1.0
6	4005	4006	1.0
6	4006	4007	1.0
6	4007	4008	1.0
6	4008	4009	1.0
6	4009	4010	1.0
6	4010	4011	1.0
6	4011	4012	1.0
6	4012	4013	1.0
6	4013	4014	1.0
6	4014	4015	1.0
6	4015	4016	1.0
6	4016	4017	1.0
6	4017	4018	1.0
6	4018	4019	1.0
6	4019	4020	1.0
6	4020	4021	1.0
6	4021	4022	1.0
6	4022	4023	1.0
6	4023	4024	1.0
6	4024	4025	1.0
6	4025	4026	1.0
6	4026	4027	1.0
6	4027	4028	1.0
6	4028	4029	1.0
6	4029	4030	1.0
6	4030	4031	1.0
6	4031	4032	1.0
6	4032	4033	1.0
6	4033	4034	1.0
6	4034	4035	1.0
6	4035	4036	1.0
6	4036	4037	1.0
6	4037	4038	1.0
6	4038	4039	1.0
6	4039	4040	1.0
6	4040	4041	1.0
6	4041	4042	1.0
6	4042	4043	1.0
6	4043	4044	1.0
6	4044	4045	1.0
6	4045	4046	1.0
6	4046	4047	1.0
6	4047	4048	1.0
6	4048	4049	1.0
6	4049	4050	1.0
6	4050	4051	1.0
6	4051	4052	1.0
6	4052	4053	1.0
6	4053	4054	1.0
6	4054	4055	1.0
6	4055	4056	1.0
6	4056	4057	1.0
6	4057	4058	1.0
6	4058	4059	1.0
6	4059	4060	1.0
6	4060	4061	1.0
6	4061	4062	1.0
6	4062	4063	1.0
6	4063	4064	1.0
6	4064	4065	1.0
6	4065	4066	1.0
6	4066	4067	1.0
6	4067	4068	1.0
6	4068	4069	1.0
6	4069	4070	1.0
6	4070	4071	1.0
6	4071	4072	1.0
6	4072	4073	1.0
6	4073	4074	1.0
6	4074	4075	1.0
6	4075	4076	1.0
6	4076	4077	1.0
6	4077	4078	1.0
6	4078	4079	1.0
6	4079	4080	1.0
6	4080	4081	1.0
6	4081	4082	1.0
6	4082	4083	1.0
6	4083	4084	1.0
6	4084	4085	1.0
6	4085	4086	1.0
6	4086	4087	1.0
6	4087	4088	1.0
6	4088	4089	1.0
6	4089	4090	1.0
6	4090	4091	1.0
6	4091	4092	1.0
6	4092	4093	1.0
6	4093	4094	1.0
6	4094	4095	1.0
6	4095	4096	1.0
6	4096	4097	1.0
6	4097	4098	1.0
6	4098	4099	1.0
6	4099	4100	1.0
6	4100	4101	1.0
6	4101	4102	1.0
6	4102	4103	1.0
6	4103	4104	1.0
6	4104	4105	1.0
6	4105	4106	1.0
6	4106	4107	1.0
6	4107	4108	1.0
6	4108	4109	1.0
6	4109	4110	1.0
6	4110	4111	1.0
6	4111	4112	1.0
6	4112	4113	1.0
6	4113	4114	1.0
6	4114	4115	1.0
6	4115	4116	1.0
6	4116	4117	1.0
6	4117	4118	1.0
6	4118	4119	1.0
6	4119	4120	1.0
6	4120	4121	1.0
6	4121	4122	1.0
6	4122	4123	1.0
6	4123	4124	1.0
6	4124	4125	1.0
6	4125	4126	1.0
6	4126	4127	1.0
6	4127	4128	1.0
6	4128	4129	1.0
6	4129	4130	1.0
6	4130	4131	1.0
6	4131	4132	1.0
6	4132	4133	1.0
6	4133	4134	1.0
6	4134	4135	1.0
6	4135	4136	1.0
6	4136	4137	1.0
6	4137	4138	1.0
6	4138	4139	1.0
6	4139	4140	1.0
6	4140	4141	1.0
6	4141	4142	1.0
6	4142	4143	1.0
6	4143	4144	1.0
6	4144	4145	1.0
6	4145	4146	1.0
6	4146	4147	1.0
6	4147	4148	1.0
6	4148	4149	1.0
6	4149	4150	1.0
6	4150	4151	1.0
6	4151	4152	1.0
6	4152	4153	1.0
6	4153	4154	1.0
6	4154	4155	1.0
6	4155	4156	1.0
6	4156	4157	1.0
6	4157	4158	1.0
6	4158	4159	1.0
6	4159	4160	1.0
6	4160	4161	1.0
6	4161	4162	1.0
6	4162	4163	1.0
6	4163	4164	1.0
6	4164	4165	1.0
6	4165	4166	1.0
6	4166	4167	1.0
6	4167	4168	1.0
6	4168	4169	1.0
6	4169	4170	1.0
6	4170	4171	1.0
6	4171	4172	1.0
6	4172	4173	1.0
6	4173	4174	1.0
6	4174	4175	1.0
6	4175	4176	1.0
6	4176	4177	1.0
6	4177	4178	1.0
6	4178	4179	1.0
6	4179	4180	1.0
6	4180	4181	1.0
6	4181	4182	1.0
6	4182	4183	1.0
6	4183	4184	1.0
6	4184	4185	1.0
6	4185	4186	1.0
6	4186	4187	1.0
6	4187	4188	1.0
6	4188	4189	1.0
6	4189	4190	1.0
6	4190	4191	1.0
6	4191	4192	1.0
6	4192	4193	1.0
6	4193	4194	1.0
6	4194	4195	1.0
6	4195	4196	1.0
6	4196	4197	1.0
6	4197	4198	1.0
6	4198	4199	1.0
6	4199	4200	1.0
6	4200	4201	1.0
6	4201	4202	1.0
6	4202	4203	1.0
6	4203	4204	1.0
6	4204	4205	1.0
6	4205	4206	1.0
6	4206	4207	1.0
6	4207	4208	1.0
6	4208	4209	1.0
6	4209	4210	1.0
6	4210	4211	1.0
6	4211	4212	1.0
6	4212	4213	1.0
6	4213	4214	1.0
6	4214	4215	1.0
6	4215	4216	1.0
6	4216	4217	1.0
6	4217	4218	1.0
6	4218	4219	1.0
6	4219	4220	1.0
6	4220	4221	1.0
6	4221	4222	1.0
6	4222	4223	1.0
6	4223	4224	1.0
6	4224	4225	1.0
6	4225	4226	1.0
6	4226	4227	1.0
6	4227	4228	1.0
6	4228	4229	1.0
6	4229	4230	1.0
6	4230	4231	1.0
6	4231	4232	1.0
6	4232	4233	1.0
6	4233	4234	1.0
6	4234	4235	1.0
6	4235	4236	1.0
6	4236	4237	1.0
6	4237	4238	1.0
6	4238	4239	1.0
6	4239	4240	1.0
6	4240	4241	1.0
6	4241	4242	1.0
6	4242	4243	1.0
6	4243	4244	1.0
6	4244	4245	1.0
6	4245	4246	1.0
6	4246	4247	1.0
6	4247	4248	1.0
6	4248	4249	1.0
6	4249	4250	1.0
6	4250	4251	1.0
6	4251	4252	1.0
6	4252	4253	1.0
6	4253	4254	1.0
6	4254	4255	1.0
6	4255	4256	1.0
6	4256	4257	1.0
6	4257	4258	1.0
6	4258	4259	1.0
6	4259	4260	1.0
6	4260	4261	1.0
6	4261	4262	1.0
6	4262	4263	1.0
6	4263	4264	1.0
6	4264	4265	1.0
6	4265	4266	1.0
6	4266	4267	1.0
6	4267	4268	1.0
6	4268	4269	1.0
6	4269	4270	1.0
6	4270	4271	1.0
6	4271	4272	1.0
6	4272	4273	1.0
6	4273	4274	1.0
6	4274	4275	1.0
6	4275	4276	1.0
6	4276	4277	1.0
6	4277	4278	1.0
6	4278	4279	1.0
6	4279	4280	1.0
6	4280	4281	1.0
6	4281	4282	1.0
6	4282	4283	1.0
6	4283	4284	1.0
6	4284	4285	1.0
6	4285	4286	1.0
6	4286	4287	1.0
6	4287	4288	1.0
6	4288	4289	1.0
6	4289	4290	1.0
6	4290	4291	1.0
6	4291	4292	1.0
6	4292	4293	1.0
6	4293	4294	1.0
6	4294	4295	1.0
6	4295	4296	1.0
6	4296	4297	1.0
6	4297	4298	1.0
6	4298	4299	1.0
6	4299	4300	1.0
6	4300	4301	1.0
6	4301	4302	1.0
6	4302	4303	1.0
6	4303	4304	1.0
6	4304	4305	1.0
6	4305	4306	1.0
6	4306	4307	1.0
7	4308	4309	1.0
7	4309	4310	1.0
7	4310	4311	1.0
7	4311	4312	1.0
7	4312	4313	1.0
7	4313	4314	1.0
7	4314	4315	1.0
7	4315	4316	1.0
7	4316	4317	1.0
7	4317	4318	1.0
7	4318	4319	1.0
7	4319	4320	1.0
7	4320	4321	1.0
7	4321	4322	1.0
7	4322	4323	1.0
7	4323	4324	1.0
7	4324	4325	1.0
7	4325	4326	1.0
7	4326	4327	1.0
7	4327	4328	1.0
7	4328	4329	1.0
7	4329	4330	1.0
7	4330	4331	1.0
7	4331	4332	1.0
7	4332	4333	1.0
7	4333	4334	1.0
7	4334	4335	1.0
7	4335	4336	1.0
7	4336	4337	1.0
7	4337	4338	1.0
7	4338	4339	1.0
7	4339	4340	1.0
7	4340	4341	1.0
7	4341	4342	1.0
7	4342	4343	1.0
7	4343	4344	1.0
7	4344	4345	1.0
7	4345	4346	1.0
7	4346	4347	1.0
7	4347	4348	1.0
7	4348	4349	1.0
7	4349	4350	1.0
7	4350	4351	1.0
7	4351	4352	1.0
7	4352	4353	1.0
7	4353	4354	1.0
7	4354	4355	1.0
7	4355	4356	1.0
7	4356	4357	1.0
7	4357	4358	1.0
7	4358	4359	1.0
7	4359	4360	1.0
7	4360	4361	1.0
7	4361	4362	1.0
7	4362	4363	1.0
7	4363	4364	1.0
7	4364	4365	1.0
7	4365	4366	1.0
7	4366	4367	1.0
7	4367	4368	1.0
7	4368	4369	1.0
7	4369	4370	1.0
7	4370	4371	1.0
7	4371	4372	1.0
7	4372	4373	1.0
7	4373	4374	1.0
7	4374	4375	1.0
7	4375	4376	1.0
7	4376	4377	1.0
7	4377	4378	1.0
7	4378	4379	1.0
7	4379	4380	1.0
7	4380	4381	1.0
7	4381	4382	1.0
7	4382	4383	1.0
7	4383	4384	1.0
7	4384	4385	1.0
7	4385	4386	1.0
7	4386	4387	1.0
7	4387	4388	1.0
7	4388	4389	1.0
7	4389	4390	1.0
7	4390	4391	1.0
7	4391	4392	1.0
7	4392	4393	1.0
7	4393	4394	1.0
7	4394	4395	1.0
7	4395	4396	1.0
7	4396	4397	1.0
7	4397	4398	1.0
7	4398	4399	1.0
7	4399	4400	1.0
7	4400	4401	1.0
7	4401	4402	1.0
7	4402	4403	1.0
7	4403	4404	1.0
7	4404	4405	1.0
7	4405	4406	1.0
7	4406	4407	1.0
7	4407	4408	1.0
7	4408	4409	1.0
7	4409	4410	1.0
7	4410	4411	1.0
7	4411	4412	1.0
7	4412	4413	1.0
7	4413	4414	1.0
7	4414	4415	1.0
7	4415	4416	1.0
7	4416	4417	1.0
7	4417	4418	1.0
7	4418	4419	1.0
7	4419	4420	1.0
7	4420	4421	1.0
7	4421	4422	1.0
7	4422	4423	1.0
7	4423	4424	1.0
7	4424	4425	1.0
7	4425	4426	1.0
7	4426	4427	1.0
7	4427	4428	1.0
7	4428	4429	1.0
7	4429	4430	1.0
7	4430	4431	1.0
7	4431	4432	1.0
7	4432	4433	1.0
7	4433	4434	1.0
7	4434	4435	1.0
7	4435	4436	1.0
7	4436	4437	1.0
7	4437	4438	1.0
7	4438	4439	1.0
7	4439	4440	1.0
7	4440	4441	1.0
7	4441	4442	1.0
7	4442	4443	1.0
7	4443	4444	1.0
7	4444	4445	1.0
7	4445	4446	1.0
7	4446	4447	1.0
7	4447	4448	1.0
7	4448	4449	1.0
7	4449	4450	1.0
7	4450	4451	1.0
7	4451	4452	1.0
7	4452	4453	1.0
7	4453	4454	1.0
7	4454	4455	1.0
7	4455	4456	1.0
7	4456	4457	1.0
7	4457	4458	1.0
7	4458	4459	1.0
7	4459	4460	1.0
7	4460	4461	1.0
7	4461	4462	1.0
7	4462	4463	1.0
7	4463	4464	1.0
7	4464	4465	1.0
7	4465	4466	1.0
7	4466	4467	1.0
7	4467	4468	1.0
7	4468	4469	1.0
7	4469	4470	1.0
7	4470	4471	1.0
7	4471	4472	1.0
7	4472	4473	1.0
7	4473	4474	1.0
7	4474	4475	1.0
7	4475	4476	1.0
7	4476	4477	1.0
7	4477	4478	1.0
7	4478	4479	1.0
7	4479	4480	1.0
7	4480	4481	1.0
7	4481	4482	1.0
7	4482	4483	1.0
7	4483	4484	1.0
7	4484	4485	1.0
7	4485	4486	1.0
7	4486	4487	1.0
7	4487	4488	1.0
7	4488	4489	1.0
7	4489	4490	1.0
7	4490	4491	1.0
7	4491	4492	1.0
7	4492	4493	1.0
7	4493	4494	1.0
7	4494	4495	1.0
7	4495	4496	1.0
7	4496	4497	1.0
7	4497	4498	1.0
7	4498	4499	1.0
7	4499	4500	1.0
7	4500	4501	1.0
7	4501	4502	1.0
7	4502	4503	1.0
7	4503	4504	1.0
7	4504	4505	1.0
7	4505	4506	1.0
7	4506	4507	1.0
7	4507	4508	1.0
7	4508	4509	1.0
7	4509	4510	1.0
7	4510	4511	1.0
7	4511	4512	1.0
7	4512	4513	1.0
7	4513	4514	1.0
7	4514	4515	1.0
7	4515	4516	1.0
7	4516	4517	1.0
7	4517	4518	1.0
7	4518	4519	1.0
7	4519	4520	1.0
7	4520	4521	1.0
7	4521	4522	1.0
7	4522	4523	1.0
7	4523	4524	1.0
7	4524	4525	1.0
7	4525	4526	1.0
7	4526	4527	1.0
7	4527	4528	1.0
7	4528	4529	1.0
7	4529	4530	1.0
7	4530	4531	1.0
7	4531	4532	1.0
7	4532	4533	1.0
7	4533	4534	1.0
7	4534	4535	1.0
7	4535	4536	1.0
7	4536	4537	1.0
7	4537	4538	1.0
7	4538	4539	1.0
7	4539	4540	1.0
7	4540	4541	1.0
7	4541	4542	1.0
7	4542	4543	1.0
7	4543	4544	1.0
7	4544	4545	1.0
7	4545	4546	1.0
7	4546	4547	1.0
7	4547	4548	1.0
7	4548	4549	1.0
7	4549	4550	1.0
7	4550	4551	1.0
7	4551	4552	1.0
7	4552	4553	1.0
7	4553	4554	1.0
7	4554	4555	1.0
7	4555	4556	1.0
7	4556	4557	1.0
7	4557	4558	1.0
7	4558	4559	1.0
7	4559	4560	1.0
7	4560	4561	1.0
7	4561	4562	1.0
7	4562	4563	1.0
7	4563	4564	1.0
7	4564	4565	1.0
7	4565	4566	1.0
7	4566	4567	1.0
7	4567	4568	1.0
7	4568	4569	1.0
7	4569	4570	1.0
7	4570	4571	1.0
7	4571	4572	1.0
7	4572	4573	1.0
7	4573	4574	1.0
7	4574	4575	1.0
7	4575	4576	1.0
7	4576	4577	1.0
7	4577	4578	1.0
7	4578	4579	1.0
7	4579	4580	1.0
7	4580	4581	1.0
7	4581	4582	1.0
7	4582	4583	1.0
7	4583	4584	1.0
7	4584	4585	1.0
7	4585	4586	1.0
7	4586	4587	1.0
7	4587	4588	1.0
7	4588	4589	1.0
7	4589	4590	1.0
7	4590	4591	1.0
7	4591	4592	1.0
7	4592	4593	1.0
7	4593	4594	1.0
7	4594	4595	1.0
7	4595	4596	1.0
7	4596	4597	1.0
7	4597	4598	1.0
7	4598	4599	1.0
7	4599	4600	1.0
7	4600	4601	1.0
7	4601	4602	1.0
7	4602	4603	1.0
7	4603	4604	1.0
7	4604	4605	1.0
7	4605	4606	1.0
7	4606	4607	1.0
7	4607	4608	1.0
7	4608	4609	1.0
7	4609	4610	1.0
7	4610	4611	1.0
7	4611	4612	1.0
7	4612	4613	1.0
7	4613	4614	1.0
7	4614	4615	1.0
7	4615	4616	1.0
7	4616	4617	1.0
7	4617	4618	1.0
7	4618	4619	1.0
7	4619	4620	1.0
7	4620	4621	1.0
7	4621	4622	1.0
7	4622	4623	1.0
7	4623	4624	1.0
7	4624	4625	1.0
7	4625	4626	1.0
7	4626	4627	1.0
7	4627	4628	1.0
7	4628	4629	1.0
7	4629	4630	1.0
7	4630	4631	1.0
7	4631	4632	1.0
7	4632	4633	1.0
7	4633	4634	1.0
7	4634	4635	1.0
7	4635	4636	1.0
7	4636	4637	1.0
7	4637	4638	1.0
7	4638	4639	1.0
7	4639	4640	1.0
7	4640	4641	1.0
7	4641	4642	1.0
7	4642	4643	1.0
7	4643	4644	1.0
7	4644	4645	1.0
7	4645	4646	1.0
7	4646	4647	1.0
7	4647	4648	1.0
7	4648	4649	1.0
7	4649	4650	1.0
7	4650	4651	1.0
7	4651	4652	1.0
7	4652	4653	1.0
7	4653	4654	1.0
7	4654	4655	1.0
7	4655	4656	1.0
7	4656	4657	1.0
7	4657	4658	1.0
7	4658	4659	1.0
7	4659	4660	1.0
7	4660	4661	1.0
7	4661	4662	1.0
7	4662	4663	1.0
7	4663	4664	1.0
7	4664	4665	1.0
7	4665	4666	1.0
7	4666	4667	1.0
7	4667	4668	1.0
7	4668	4669	1.0
7	4669	4670	1.0
7	4670	4671	1.0
7	4671	4672	1.0
7	4672	4673	1.0
7	4673	4674	1.0
7	4674	4675	1.0
7	4675	4676	1.0
7	4676	4677	1.0
7	4677	4678	1.0
7	4678	4679	1.0
7	4679	4680	1.0
7	4680	4681	1.0
7	4681	4682	1.0
7	4682	4683	1.0
7	4683	4684	1.0
7	4684	4685	1.0
7	4685	4686	1.0
7	4686	4687	1.0
7	4687	4688	1.0
7	4688	4689	1.0
7	4689	4690	1.0
7	4690	4691	1.0
7	4691	4692	1.0
7	4692	4693	1.0
7	4693	4694	1.0
7	4694	4695	1.0
7	4695	4696	1.0
7	4696	4697	1.0
7	4697	4698	1.0
7	4698	4699	1.0
7	4699	4700	1.0
7	4700	4701	1.0
7	4701	4702	1.0
7	4702	4703	1.0
7	4703	4704	1.0
7	4704	4705	1.0
7	4705	4706	1.0
7	4706	4707	1.0
7	4707	4708	1.0
7	4708	4709	1.0
7	4709	4710	1.0
7	4710	4711	1.0
7	4711	4712	1.0
7	4712	4713	1.0
7	4713	4714	1.0
7	4714	4715	1.0
7	4715	4716	1.0
7	4716	4717	1.0
7	4717	4718	1.0
7	4718	4719	1.0
7	4719	4720	1.0
7	4720	4721	1.0
7	4721	4722	1.0
7	4722	4723	1.0
7	4723	4724	1.0
7	4724	4725	1.0
7	4725	4726	1.0
7	4726	4727	1.0
7	4727	4728	1.0
7	4728	4729	1.0
7	4729	4730	1.0
7	4730	4731	1.0
7	4731	4732	1.0
7	4732	4733	1.0
7	4733	4734	1.0
7	4734	4735	1.0
7	4735	4736	1.0
7	4736	4737	1.0
7	4737	4738	1.0
7	4738	4739	1.0
7	4739	4740	1.0
7	4740	4741	1.0
7	4741	4742	1.0
7	4742	4743	1.0
7	4743	4744	1.0
7	4744	4745	1.0
7	4745	4746	1.0
7	4746	4747	1.0
7	4747	4748	1.0
7	4748	4749	1.0
7	4749	4750	1.0
7	4750	4751	1.0
7	4751	4752	1.0
7	4752	4753	1.0
7	4753	4754	1.0
7	4754	4755	1.0
7	4755	4756	1.0
7	4756	4757	1.0
7	4757	4758	1.0
7	4758	4759	1.0
7	4759	4760	1.0
7	4760	4761	1.0
7	4761	4762	1.0
7	4762	4763	1.0
7	4763	4764	1.0
7	4764	4765	1.0
7	4765	4766	1.0
7	4766	4767	1.0
7	4767	4768	1.0
7	4768	4769	1.0
7	4769	4770	1.0
7	4770	4771	1.0
7	4771	4772	1.0
7	4772	4773	1.0
7	4773	4774	1.0
7	4774	4775	1.0
7	4775	4776	1.0
7	4776	4777	1.0
7	4777	4778	1.0
7	4778	4779	1.0
7	4779	4780	1.0
7	4780	4781	1.0
7	4781	4782	1.0
7	4782	4783	1.0
7	4783	4784	1.0
7	4784	4785	1.0
7	4785	4786	1.0
7	4786	4787	1.0
7	4787	4788	1.0
7	4788	4789	1.0
7	4789	4790	1.0
7	4790	4791	1.0
7	4791	4792	1.0
7	4792	4793	1.0
7	4793	4794	1.0
7	4794	4795	1.0
7	4795	4796	1.0
7	4796	4797	1.0
7	4797	4798	1.0
7	4798	4799	1.0
7	4799	4800	1.0
7	4800	4801	1.0
7	4801	4802	1.0
7	4802	4803	1.0
7	4803	4804	1.0
7	4804	4805	1.0
7	4805	4806	1.0
7	4806	4807	1.0
7	4807	4808	1.0
7	4808	4809	1.0
7	4809	4810	1.0
7	4810	4811	1.0
8	4812	4813	1.0
8	4813	4814	1.0
8	4814	4815	1.0
8	4815	4816	1.0
8	4816	4817	1.0
8	4817	4818	1.0
8	4818	4819	1.0
8	4819	4820	1.0
8	4820	4821	1.0
8	4821	4822	1.0
8	4822	4823	1.0
8	4823	4824	1.0
8	4824	4825	1.0
8	4825	4826	1.0
8	4826	4827	1.0
8	4827	4828	1.0
8	4828	4829	1.0
8	4829	4830	1.0
8	4830	4831	1.0
8	4831	4832	1.0
8	4832	4833	1.0
8	4833	4834	1.0
8	4834	4835	1.0
8	4835	4836	1.0
8	4836	4837	1.0
8	4837	4838	1.0
8	4838	4839	1.0
8	4839	4840	1.0
8	4840	4841	1.0
8	4841	4842	1.0
8	4842	4843	1.0
8	4843	4844	1.0
8	4844	4845	1.0
8	4845	4846	1.0
8	4846	4847	1.0
8	4847	4848	1.0
8	4848	4849	1.0
8	4849	4850	1.0
8	4850	4851	1.0
8	4851	4852	1.0
8	4852	4853	1.0
8	4853	4854	1.0
8	4854	4855	1.0
8	4855	4856	1.0
8	4856	4857	1.0
8	4857	4858	1.0
8	4858	4859	1.0
8	4859	4860	1.0
8	4860	4861	1.0
8	4861	4862	1.0
8	4862	4863	1.0
8	4863	4864	1.0
8	4864	4865	1.0
8	4865	4866	1.0
8	4866	4867	1.0
8	4867	4868	1.0
8	4868	4869	1.0
8	4869	4870	1.0
8	4870	4871	1.0
8	4871	4872	1.0
8	4872	4873	1.0
8	4873	4874	1.0
8	4874	4875	1.0
8	4875	4876	1.0
8	4876	4877	1.0
8	4877	4878	1.0
8	4878	4879	1.0
8	4879	4880	1.0
8	4880	4881	1.0
8	4881	4882	1.0
8	4882	4883	1.0
8	4883	4884	1.0
8	4884	4885	1.0
8	4885	4886	1.0
8	4886	4887	1.0
8	4887	4888	1.0
8	4888	4889	1.0
8	4889	4890	1.0
8	4890	4891	1.0
8	4891	4892	1.0
8	4892	4893	1.0
8	4893	4894	1.0
8	4894	4895	1.0
8	4895	4896	1.0
8	4896	4897	1.0
8	4897	4898	1.0
8	4898	4899	1.0
8	4899	4900	1.0
8	4900	4901	1.0
8	4901	4902	1.0
8	4902	4903	1.0
8	4903	4904	1.0
8	4904	4905	1.0
8	4905	4906	1.0
8	4906	4907	1.0
8	4907	4908	1.0
8	4908	4909	1.0
8	4909	4910	1.0
8	4910	4911	1.0
8	4911	4912	1.0
8	4912	4913	1.0
8	4913	4914	1.0
8	4914	4915	1.0
8	4915	4916	1.0
8	4916	4917	1.0
8	4917	4918	1.0
8	4918	4919	1.0
8	4919	4920	1.0
8	4920	4921	1.0
8	4921	4922	1.0
8	4922	4923	1.0
8	4923	4924	1.0
8	4924	4925	1.0
8	4925	4926	1.0
8	4926	4927	1.0
8	4927	4928	1.0
8	4928	4929	1.0
8	4929	4930	1.0
8	4930	4931	1.0
8	4931	4932	1.0
8	4932	4933	1.0
8	4933	4934	1.0
8	4934	4935	1.0
8	4935	4936	1.0
8	4936	4937	1.0
8	4937	4938	1.0
8	4938	4939	1.0
8	4939	4940	1.0
8	4940	4941	1.0
8	4941	4942	1.0
8	4942	4943	1.0
8	4943	4944	1.0
8	4944	4945	1.0
8	4945	4946	1.0
8	4946	4947	1.0
8	4947	4948	1.0
8	4948	4949	1.0
8	4949	4950	1.0
8	4950	4951	1.0
8	4951	4952	1.0
8	4952	4953	1.0
8	4953	4954	1.0
8	4954	4955	1.0
8	4955	4956	1.0
8	4956	4957	1.0
8	4957	4958	1.0
8	4958	4959	1.0
8	4959	4960	1.0
8	4960	4961	1.0
8	4961	4962	1.0
8	4962	4963	1.0
8	4963	4964	1.0
8	4964	4965	1.0
8	4965	4966	1.0
8	4966	4967	1.0
8	4967	4968	1.0
8	4968	4969	1.0
8	4969	4970	1.0
8	4970	4971	1.0
8	4971	4972	1.0
8	4972	4973	1.0
8	4973	4974	1.0
8	4974	4975	1.0
8	4975	4976	1.0
8	4976	4977	1.0
8	4977	4978	1.0
8	4978	4979	1.0
8	4979	4980	1.0
8	4980	4981	1.0
8	4981	4982	1.0
8	4982	4983	1.0
8	4983	4984	1.0
8	4984	4985	1.0
8	4985	4986	1.0
8	4986	4987	1.0
8	4987	4988	1.0
8	4988	4989	1.0
8	4989	4990	1.0
8	4990	4991	1.0
8	4991	4992	1.0
8	4992	4993	1.0
8	4993	4994	1.0
8	4994	4995	1.0
8	4995	4996	1.0
8	4996	4997	1.0
8	4997	4998	1.0
8	4998	4999	1.0
8	4999	5000	1.0
8	5000	5001	1.0
8	5001	5002	1.0
8	5002	5003	1.0
8	5003	5004	1.0
8	5004	5005	1.0
8	5005	5006	1.0
8	5006	5007	1.0
8	5007	5008	1.0
8	5008	5009	1.0
8	5009	5010	1.0
8	5010	5011	1.0
8	5011	5012	1.0
8	5012	5013	1.0
8	5013	5014	1.0
8	5014	5015	1.0
8	5015	5016	1.0
8	5016	5017	1.0
8	5017	5018	1.0
8	5018	5019	1.0
8	5019	5020	1.0
8	5020	5021	1.0
8	5021	5022	1.0
8	5022	5023	1.0
8	5023	5024	1.0
8	5024	5025	1.0
8	5025	5026	1.0
8	5026	5027	1.0
8	5027	5028	1.0
8	5028	5029	1.0
8	5029	5030	1.0
8	5030	5031	1.0
8	5031	5032	1.0
8	5032	5033	1.0
8	5033	5034	1.0
8	5034	5035	1.0
8	5035	5036	1.0
8	5036	5037	1.0
8	5037	5038	1.0
8	5038	5039	1.0
8	5039	5040	1.0
8	5040	5041	1.0
8	5041	5042	1.0
8	5042	5043	1.0
8	5043	5044	1.0
8	5044	5045	1.0
8	5045	5046	1.0
8	5046	5047	1.0
8	5047	5048	1.0
8	5048	5049	1.0
8	5049	5050	1.0
8	5050	5051	1.0
8	5051	5052	1.0
8	5052	5053	1.0
8	5053	5054	1.0
8	5054	5055	1.0
8	5055	5056	1.0
8	5056	5057	1.0
8	5057	5058	1.0
8	5058	5059	1.0
8	5059	5060	1.0
8	5060	5061	1.0
8	5061	5062	1.0
8	5062	5063	1.0
8	5063	5064	1.0
8	5064	5065	1.0
8	5065	5066	1.0
8	5066	5067	1.0
8	5067	5068	1.0
8	5068	5069	1.0
8	5069	5070	1.0
8	5070	5071	1.0
8	5071	5072	1.0
8	5072	5073	1.0
8	5073	5074	1.0
8	5074	5075	1.0
8	5075	5076	1.0
8	5076	5077	1.0
8	5077	5078	1.0
8	5078	5079	1.0
8	5079	5080	1.0
8	5080	5081	1.0
8	5081	5082	1.0
8	5082	5083	1.0
8	5083	5084	1.0
8	5084	5085	1.0
8	5085	5086	1.0
8	5086	5087	1.0
8	5087	5088	1.0
8	5088	5089	1.0
8	5089	5090	1.0
8	5090	5091	1.0
8	5091	5092	1.0
8	5092	5093	1.0
8	5093	5094	1.0
8	5094	5095	1.0
8	5095	5096	1.0
8	5096	5097	1.0
8	5097	5098	1.0
8	5098	5099	1.0
8	5099	5100	1.0
8	5100	5101	1.0
8	5101	5102	1.0
8	5102	5103	1.0
8	5103	5104	1.0
8	5104	5105	1.0
8	5105	5106	1.0
8	5106	5107	1.0
8	5107	5108	1.0
8	5108	5109	1.0
8	5109	5110	1.0
8	5110	5111	1.0
8	5111	5112	1.0
8	5112	5113	1.0
8	5113	5114	1.0
8	5114	5115	1.0
8	5115	5116	1.0
8	5116	5117	1.0
8	5117	5118	1.0
8	5118	5119	1.0
8	5119	5120	1.0
8	5120	5121	1.0
8	5121	5122	1.0
8	5122	5123	1.0
8	5123	5124	1.0
8	5124	5125	1.0
8	5125	5126	1.0
8	5126	5127	1.0
8	5127	5128	1.0
8	5128	5129	1.0
8	5129	5130	1.0
8	5130	5131	1.0
8	5131	5132	1.0
8	5132	5133	1.0
8	5133	5134	1.0
8	5134	5135	1.0
8	5135	5136	1.0
8	5136	5137	1.0
8	5137	5138	1.0
8	5138	5139	1.0
8	5139	5140	1.0
8	5140	5141	1.0
8	5141	5142	1.0
8	5142	5143	1.0
8	5143	5144	1.0
8	5144	5145	1.0
8	5145	5146	1.0
8	5146	5147	1.0
8	5147	5148	1.0
8	5148	5149	1.0
8	5149	5150	1.0
8	5150	5151	1.0
8	5151	5152	1.0
8	5152	5153	1.0
8	5153	5154	1.0
8	5154	5155	1.0
8	5155	5156	1.0
8	5156	5157	1.0
8	5157	5158	1.0
8	5158	5159	1.0
8	5159	5160	1.0
8	5160	5161	1.0
8	5161	5162	1.0
8	5162	5163	1.0
8	5163	5164	1.0
8	5164	5165	1.0
8	5165	5166	1.0
8	5166	5167	1.0
8	5167	5168	1.0
8	5168	5169	1.0
8	5169	5170	1.0
8	5170	5171	1.0
8	5171	5172	1.0
8	5172	5173	1.0
8	5173	5174	1.0
8	5174	5175	1.0
8	5175	5176	1.0
8	5176	5177	1.0
8	5177	5178	1.0
8	5178	5179	1.0
8	5179	5180	1.0
8	5180	5181	1.0
8	5181	5182	1.0
8	5182	5183	1.0
8	5183	5184	1.0
8	5184	5185	1.0
8	5185	5186	1.0
8	5186	5187	1.0
8	5187	5188	1.0
8	5188	5189	1.0
8	5189	5190	1.0
8	5190	5191	1.0
8	5191	5192	1.0
8	5192	5193	1.0
8	5193	5194	1.0
8	5194	5195	1.0
8	5195	5196	1.0
8	5196	5197	1.0
8	5197	5198	1.0
8	5198	5199	1.0
8	5199	5200	1.0
8	5200	5201	1.0
8	5201	5202	1.0
8	5202	5203	1.0
8	5203	5204	1.0
8	5204	5205	1.0
8	5205	5206	1.0
8	5206	5207	1.0
8	5207	5208	1.0
8	5208	5209	1.0
8	5209	5210	1.0
8	5210	5211	1.0
8	5211	5212	1.0
8	5212	5213	1.0
8	5213	5214	1.0
8	5214	5215	1.0
8	5215	5216	1.0
8	5216	5217	1.0
8	5217	5218	1.0
8	5218	5219	1.0
8	5219	5220	1.0
8	5220	5221	1.0
8	5221	5222	1.0
8	5222	5223	1.0
8	5223	5224	1.0
8	5224	5225	1.0
8	5225	5226	1.0
8	5226	5227	1.0
8	5227	5228	1.0
8	5228	5229	1.0
8	5229	5230	1.0
8	5230	5231	1.0
8	5231	5232	1.0
8	5232	5233	1.0
8	5233	5234	1.0
8	5234	5235	1.0
8	5235	5236	1.0
8	5236	5237	1.0
8	5237	5238	1.0
8	5238	5239	1.0
8	5239	5240	1.0
8	5240	5241	1.0
8	5241	5242	1.0
8	5242	5243	1.0
8	5243	5244	1.0
8	5244	5245	1.0
8	5245	5246	1.0
8	5246	5247	1.0
8	5247	5248	1.0
8	5248	5249	1.0
8	5249	5250	1.0
8	5250	5251	1.0
8	5251	5252	1.0
8	5252	5253	1.0
8	5253	5254	1.0
8	5254	5255	1.0
8	5255	5256	1.0
8	5256	5257	1.0
8	5257	5258	1.0
8	5258	5259	1.0
8	5259	5260	1.0
8	5260	5261	1.0
8	5261	5262	1.0
8	5262	5263	1.0
8	5263	5264	1.0
8	5264	5265	1.0
8	5265	5266	1.0
8	5266	5267	1.0
8	5267	5268	1.0
8	5268	5269	1.0
8	5269	5270	1.0
8	5270	5271	1.0
8	5271	5272	1.0
8	5272	5273	1.0
8	5273	5274	1.0
8	5274	5275	1.0
8	5275	5276	1.0
8	5276	5277	1.0
8	5277	5278	1.0
8	5278	5279	1.0
8	5279	5280	1.0
8	5280	5281	1.0
8	5281	5282	1.0
8	5282	5283	1.0
8	5283	5284	1.0
8	5284	5285	1.0
8	5285	5286	1.0
8	5286	5287	1.0
8	5287	5288	1.0
8	5288	5289	1.0
8	5289	5290	1.0
8	5290	5291	1.0
8	5291	5292	1.0
8	5292	5293	1.0
8	5293	5294	1.0
8	5294	5295	1.0
8	5295	5296	1.0
8	5296	5297	1.0
8	5297	5298	1.0
8	5298	5299	1.0
8	5299	5300	1.0
8	5300	5301	1.0
8	5301	5302	1.0
8	5302	5303	1.0
8	5303	5304	1.0
8	5304	5305	1.0
8	5305	5306	1.0
8	5306	5307	1.0
8	5307	5308	1.0
8	5308	5309	1.0
8	5309	5310	1.0
8	5310	5311	1.0
8	5311	5312	1.0
8	5312	5313	1.0
8	5313	5314	1.0
8	5314	5315	1.0
8	5315	5316	1.0
8	5316	5317	1.0
8	5317	5318	1.0
8	5318	5319	1.0
8	5319	5320	1.0
8	5320	5321	1.0
8	5321	5322	1.0
8	5322	5323	1.0
8	5323	5324	1.0
8	5324	5325	1.0
8	5325	5326	1.0
8	5326	5327	1.0
8	5327	5328	1.0
8	5328	5329	1.0
8	5329	5330	1.0
8	5330	5331	1.0
8	5331	5332	1.0
8	5332	5333	1.0
8	5333	5334	1.0
8	5334	5335	1.0
8	5335	5336	1.0
8	5336	5337	1.0
8	5337	5338	1.0
8	5338	5339	1.0
8	5339	5340	1.0
8	5340	5341	1.0
8	5341	5342	1.0
8	5342	5343	1.0
8	5343	5344	1.0
8	5344	5345	1.0
8	5345	5346	1.0
8	5346	5347	1.0
8	5347	5348	1.0
8	5348	5349	1.0
8	5349	5350	1.0
8	5350	5351	1.0
8	5351	5352	1.0
8	5352	5353	1.0
8	5353	5354	1.0
8	5354	5355	1.0
8	5355	5356	1.0
8	5356	5357	1.0
8	5357	5358	1.0
8	5358	5359	1.0
8	5359	5360	1.0
8	5360	5361	1.0
8	5361	5362	1.0
8	5362	5363	1.0
8	5363	5364	1.0
8	5364	5365	1.0
8	5365	5366	1.0
8	5366	5367	1.0
8	5367	5368	1.0
8	5368	5369	1.0
8	5369	5370	1.0
8	5370	5371	1.0
8	5371	5372	1.0
8	5372	5373	1.0
8	5373	5374	1.0
8	5374	5375	1.0
8	5375	5376	1.0
8	5376	5377	1.0
8	5377	5378	1.0
8	5378	5379	1.0
8	5379	5380	1.0
8	5380	5381	1.0
8	5381	5382	1.0
8	5382	5383	1.0
8	5383	5384	1.0
8	5384	5385	1.0
8	5385	5386	1.0
8	5386	5387	1.0
8	5387	5388	1.0
8	5388	5389	1.0
8	5389	5390	1.0
8	5390	5391	1.0
8	5391	5392	1.0
8	5392	5393	1.0
8	5393	5394	1.0
8	5394	5395	1.0
8	5395	5396	1.0
8	5396	5397	1.0
8	5397	5398	1.0
8	5398	5399	1.0
8	5399	5400	1.0
8	5400	5401	1.0
8	5401	5402	1.0
8	5402	5403	1.0
8	5403	5404	1.0
8	5404	5405	1.0
8	5405	5406	1.0
8	5406	5407	1.0
8	5407	5408	1.0
8	5408	5409	1.0
8	5409	5410	1.0
8	5410	5411	1.0
8	5411	5412	1.0
8	5412	5413	1.0
8	5413	5414	1.0
8	5414	5415	1.0
8	5415	5416	1.0
8	5416	5417	1.0
8	5417	5418	1.0
8	5418	5419	1.0
8	5419	5420	1.0
8	5420	5421	1.0
8	5421	5422	1.0
8	5422	5423	1.0
8	5423	5424	1.0
8	5424	5425	1.0
8	5425	5426	1.0
8	5426	5427	1.0
8	5427	5428	1.0
8	5428	5429	1.0
8	5429	5430	1.0
8	5430	5431	1.0
8	5431	5432	1.0
8	5432	5433	1.0
8	5433	5434	1.0
8	5434	5435	1.0
8	5435	5436	1.0
8	5436	5437	1.0
8	5437	5438	1.0
8	5438	5439	1.0
8	5439	5440	1.0
8	5440	5441	1.0
8	5441	5442	1.0
8	5442	5443	1.0
8	5443	5444	1.0
8	5444	5445	1.0
8	5445	5446	1.0
8	5446	5447	1.0
8	5447	5448	1.0
8	5448	5449	1.0
8	5449	5450	1.0
8	5450	5451	1.0
8	5451	5452	1.0
8	5452	5453	1.0
8	5453	5454	1.0
8	5454	5455	1.0
8	5455	5456	1.0
8	5456	5457	1.0
8	5457	5458	1.0
8	5458	5459	1.0
8	5459	5460	1.0
8	5460	5461	1.0
8	5461	5462	1.0
8	5462	5463	1.0
8	5463	5464	1.0
8	5464	5465	1.0
8	5465	5466	1.0
8	5466	5467	1.0
8	5467	5468	1.0
8	5468	5469	1.0
8	5469	5470	1.0
8	5470	5471	1.0
8	5471	5472	1.0
8	5472	5473	1.0
8	5473	5474	1.0
8	5474	5475	1.0
8	5475	5476	1.0
9	5477	5478	1.0
9	5478	5479	1.0
9	5479	5480	1.0
9	5480	5481	1.0
9	5481	5482	1.0
9	5482	5483	1.0
9	5483	5484	1.0
9	5484	5485	1.0
9	5485	5486	1.0
9	5486	5487	1.0
9	5487	5488	1.0
9	5488	5489	1.0
9	5489	5490	1.0
9	5490	5491	1.0
9	5491	5492	1.0
9	5492	5493	1.0
9	5493	5494	1.0
9	5494	5495	1.0
9	5495	5496	1.0
9	5496	5497	1.0
9	5497	5498	1.0
9	5498	5499	1.0
9	5499	5500	1.0
9	5500	5501	1.0
9	5501	5502	1.0
9	5502	5503	1.0
9	5503	5504	1.0
9	5504	5505	1.0
9	5505	5506	1.0
9	5506	5507	1.0
9	5507	5508	1.0
9	5508	5509	1.0
9	5509	5510	1.0
9	5510	5511	1.0
9	5511	5512	1.0
9	5512	5513	1.0
9	5513	5514	1.0
9	5514	5515	1.0
9	5515	5516	1.0
9	5516	5517	1.0
9	5517	5518	1.0
9	5518	5519	1.0
9	5519	5520	1.0
9	5520	5521	1.0
9	5521	5522	1.0
9	5522	5523	1.0
9	5523	5524	1.0
9	5524	5525	1.0
9	5525	5526	1.0
9	5526	5527	1.0
9	5527	5528	1.0
9	5528	5529	1.0
9	5529	5530	1.0
9	5530	5531	1.0
9	5531	5532	1.0
9	5532	5533	1.0
9	5533	5534	1.0
9	5534	5535	1.0
9	5535	5536	1.0
9	5536	5537	1.0
9	5537	5538	1.0
9	5538	5539	1.0
9	5539	5540	1.0
9	5540	5541	1.0
9	5541	5542	1.0
9	5542	5543	1.0
9	5543	5544	1.0
9	5544	5545	1.0
9	5545	5546	1.0
9	5546	5547	1.0
9	5547	5548	1.0
9	5548	5549	1.0
9	5549	5550	1.0
9	5550	5551	1.0
9	5551	5552	1.0
9	5552	5553	1.0
9	5553	5554	1.0
9	5554	5555	1.0
9	5555	5556	1.0
9	5556	5557	1.0
9	5557	5558	1.0
9	5558	5559	1.0
9	5559	5560	1.0
9	5560	5561	1.0
9	5561	5562	1.0
9	5562	5563	1.0
9	5563	5564	1.0
9	5564	5565	1.0
9	5565	5566	1.0
9	5566	5567	1.0
9	5567	5568	1.0
9	5568	5569	1.0
9	5569	5570	1.0
9	5570	5571	1.0
9	5571	5572	1.0
9	5572	5573	1.0
9	5573	5574	1.0
9	5574	5575	1.0
9	5575	5576	1.0
9	5576	5577	1.0
9	5577	5578	1.0
9	5578	5579	1.0
9	5579	5580	1.0
9	5580	5581	1.0
9	5581	5582	1.0
9	5582	5583	1.0
9	5583	5584	1.0
9	5584	5585	1.0
9	5585	5586	1.0
9	5586	5587	1.0
9	5587	5588	1.0
9	5588	5589	1.0
9	5589	5590	1.0
9	5590	5591	1.0
9	5591	5592	1.0
9	5592	5593	1.0
9	5593	5594	1.0
9	5594	5595	1.0
9	5595	5596	1.0
9	5596	5597	1.0
9	5597	5598	1.0
9	5598	5599	1.0
9	5599	5600	1.0
9	5600	5601	1.0
9	5601	5602	1.0
9	5602	5603	1.0
9	5603	5604	1.0
9	5604	5605	1.0
9	5605	5606	1.0
9	5606	5607	1.0
9	5607	5608	1.0
9	5608	5609	1.0
9	5609	5610	1.0
9	5610	5611	1.0
9	5611	5612	1.0
9	5612	5613	1.0
9	5613	5614	1.0
9	5614	5615	1.0
9	5615	5616	1.0
9	5616	5617	1.0
9	5617	5618	1.0
9	5618	5619	1.0
9	5619	5620	1.0
9	5620	5621	1.0
9	5621	5622	1.0
9	5622	5623	1.0
9	5623	5624	1.0
9	5624	5625	1.0
9	5625	5626	1.0
9	5626	5627	1.0
9	5627	5628	1.0
9	5628	5629	1.0
9	5629	5630	1.0
9	5630	5631	1.0
9	5631	5632	1.0
9	5632	5633	1.0
9	5633	5634	1.0
9	5634	5635	1.0
9	5635	5636	1.0
9	5636	5637	1.0
9	5637	5638	1.0
9	5638	5639	1.0
9	5639	5640	1.0
9	5640	5641	1.0
9	5641	5642	1.0
9	5642	5643	1.0
9	5643	5644	1.0
9	5644	5645	1.0
9	5645	5646	1.0
9	5646	5647	1.0
9	5647	5648	1.0
9	5648	5649	1.0
9	5649	5650	1.0
9	5650	5651	1.0
9	5651	5652	1.0
9	5652	5653	1.0
9	5653	5654	1.0
9	5654	5655	1.0
9	5655	5656	1.0
9	5656	5657	1.0
9	5657	5658	1.0
9	5658	5659	1.0
9	5659	5660	1.0
9	5660	5661	1.0
9	5661	5662	1.0
9	5662	5663	1.0
9	5663	5664	1.0
9	5664	5665	1.0
9	5665	5666	1.0
9	5666	5667	1.0
9	5667	5668	1.0
9	5668	5669	1.0
9	5669	5670	1.0
9	5670	5671	1.0
9	5671	5672	1.0
9	5672	5673	1.0
9	5673	5674	1.0
9	5674	5675	1.0
9	5675	5676	1.0
9	5676	5677	1.0
9	5677	5678	1.0
9	5678	5679	1.0
9	5679	5680	1.0
9	5680	5681	1.0
9	5681	5682	1.0
9	5682	5683	1.0
9	5683	5684	1.0
9	5684	5685	1.0
9	5685	5686	1.0
9	5686	5687	1.0
9	5687	5688	1.0
9	5688	5689	1.0
9	5689	5690	1.0
9	5690	5691	1.0
9	5691	5692	1.0
9	5692	5693	1.0
9	5693	5694	1.0
9	5694	5695	1.0
9	5695	5696	1.0
9	5696	5697	1.0
9	5697	5698	1.0
9	5698	5699	1.0
9	5699	5700	1.0
9	5700	5701	1.0
9	5701	5702	1.0
9	5702	5703	1.0
9	5703	5704	1.0
9	5704	5705	1.0
9	5705	5706	1.0
9	5706	5707	1.0
9	5707	5708	1.0
9	5708	5709	1.0
9	5709	5710	1.0
9	5710	5711	1.0
9	5711	5712	1.0
9	5712	5713	1.0
9	5713	5714	1.0
9	5714	5715	1.0
9	5715	5716	1.0
9	5716	5717	1.0
9	5717	5718	1.0
9	5718	5719	1.0
9	5719	5720	1.0
9	5720	5721	1.0
9	5721	5722	1.0
9	5722	5723	1.0
9	5723	5724	1.0
9	5724	5725	1.0
9	5725	5726	1.0
9	5726	5727	1.0
9	5727	5728	1.0
9	5728	5729	1.0
9	5729	5730	1.0
9	5730	5731	1.0
9	5731	5732	1.0
9	5732	5733	1.0
9	5733	5734	1.0
9	5734	5735	1.0
9	5735	5736	1.0
9	5736	5737	1.0
9	5737	5738	1.0
9	5738	5739	1.0
9	5739	5740	1.0
9	5740	5741	1.0
9	5741	5742	1.0
9	5742	5743	1.0
9	5743	5744	1.0
9	5744	5745	1.0
9	5745	5746	1.0
9	5746	5747	1.0
9	5747	5748	1.0
9	5748	5749	1.0
9	5749	5750	1.0
9	5750	5751	1.0
9	5751	5752	1.0
9	5752	5753	1.0
9	5753	5754	1.0
9	5754	5755	1.0
9	5755	5756	1.0
9	5756	5757	1.0
9	5757	5758	1.0
9	5758	5759	1.0
9	5759	5760	1.0
9	5760	5761	1.0
9	5761	5762	1.0
9	5762	5763	1.0
9	5763	5764	1.0
9	5764	5765	1.0
9	5765	5766	1.0
9	5766	5767	1.0
9	5767	5768	1.0
9	5768	5769	1.0
9	5769	5770	1.0
9	5770	5771	1.0
9	5771	5772	1.0
9	5772	5773	1.0
9	5773	5774	1.0
9	5774	5775	1.0
9	5775	5776	1.0
9	5776	5777	1.0
9	5777	5778	1.0
9	5778	5779	1.0
9	5779	5780	1.0
9	5780	5781	1.0
9	5781	5782	1.0
9	5782	5783	1.0
9	5783	5784	1.0
9	5784	5785	1.0
9	5785	5786	1.0
9	5786	5787	1.0
9	5787	5788	1.0
9	5788	5789	1.0
9	5789	5790	1.0
9	5790	5791	1.0
9	5791	5792	1.0
9	5792	5793	1.0
9	5793	5794	1.0
9	5794	5795	1.0
9	5795	5796	1.0
9	5796	5797	1.0
9	5797	5798	1.0
9	5798	5799	1.0
9	5799	5800	1.0
9	5800	5801	1.0
9	5801	5802	1.0
9	5802	5803	1.0
9	5803	5804	1.0
9	5804	5805	1.0
9	5805	5806	1.0
9	5806	5807	1.0
9	5807	5808	1.0
9	5808	5809	1.0
9	5809	5810	1.0
9	5810	5811	1.0
9	5811	5812	1.0
9	5812	5813	1.0
9	5813	5814	1.0
9	5814	5815	1.0
9	5815	5816	1.0
9	5816	5817	1.0
9	5817	5818	1.0
9	5818	5819	1.0
9	5819	5820	1.0
9	5820	5821	1.0
9	5821	5822	1.0
9	5822	5823	1.0
9	5823	5824	1.0
9	5824	5825	1.0
9	5825	5826	1.0
9	5826	5827	1.0
9	5827	5828	1.0
9	5828	5829	1.0
9	5829	5830	1.0
9	5830	5831	1.0
9	5831	5832	1.0
9	5832	5833	1.0
9	5833	5834	1.0
9	5834	5835	1.0
9	5835	5836	1.0
9	5836	5837	1.0
9	5837	5838	1.0
9	5838	5839	1.0
9	5839	5840	1.0
9	5840	5841	1.0
9	5841	5842	1.0
9	5842	5843	1.0
9	5843	5844	1.0
9	5844	5845	1.0
9	5845	5846	1.0
9	5846	5847	1.0
9	5847	5848	1.0
9	5848	5849	1.0
9	5849	5850	1.0
9	5850	5851	1.0
9	5851	5852	1.0
9	5852	5853	1.0
9	5853	5854	1.0
9	5854	5855	1.0
9	5855	5856	1.0
9	5856	5857	1.0
9	5857	5858	1.0
9	5858	5859	1.0
9	5859	5860	1.0
9	5860	5861	1.0
9	5861	5862	1.0
9	5862	5863	1.0
9	5863	5864	1.0
9	5864	5865	1.0
9	5865	5866	1.0
9	5866	5867	1.0
9	5867	5868	1.0
9	5868	5869	1.0
9	5869	5870	1.0
9	5870	5871	1.0
9	5871	5872	1.0
9	5872	5873	1.0
9	5873	5874	1.0
9	5874	5875	1.0
9	5875	5876	1.0
9	5876	5877	1.0
9	5877	5878	1.0
9	5878	5879	1.0
9	5879	5880	1.0
9	5880	5881	1.0
9	5881	5882	1.0
9	5882	5883	1.0
9	5883	5884	1.0
9	5884	5885	1.0
9	5885	5886	1.0
9	5886	5887	1.0
9	5887	5888	1.0
9	5888	5889	1.0
9	5889	5890	1.0
9	5890	5891	1.0
9	5891	5892	1.0
9	5892	5893	1.0
9	5893	5894	1.0
9	5894	5895	1.0
9	5895	5896	1.0
9	5896	5897	1.0
9	5897	5898	1.0
9	5898	5899	1.0
9	5899	5900	1.0
9	5900	5901	1.0
9	5901	5902	1.0
9	5902	5903	1.0
9	5903	5904	1.0
9	5904	5905	1.0
9	5905	5906	1.0
9	5906	5907	1.0
9	5907	5908	1.0
9	5908	5909	1.0
9	5909	5910	1.0
9	5910	5911	1.0
9	5911	5912	1.0
9	5912	5913	1.0
9	5913	5914	1.0
9	5914	5915	1.0
9	5915	5916	1.0
9	5916	5917	1.0
9	5917	5918	1.0
9	5918	5919	1.0
9	5919	5920	1.0
9	5920	5921	1.0
9	5921	5922	1.0
9	5922	5923	1.0
9	5923	5924	1.0
9	5924	5925	1.0
9	5925	5926	1.0
9	5926	5927	1.0
9	5927	5928	1.0
9	5928	5929	1.0
9	5929	5930	1.0
9	5930	5931	1.0
9	5931	5932	1.0
9	5932	5933	1.0
9	5933	5934	1.0
9	5934	5935	1.0
9	5935	5936	1.0
9	5936	5937	1.0
9	5937	5938	1.0
9	5938	5939	1.0
9	5939	5940	1.0
9	5940	5941	1.0
9	5941	5942	1.0
9	5942	5943	1.0
9	5943	5944	1.0
9	5944	5945	1.0
9	5945	5946	1.0
9	5946	5947	1.0
9	5947	5948	1.0
9	5948	5949	1.0
9	5949	5950	1.0
9	5950	5951	1.0
9	5951	5952	1.0
9	5952	5953	1.0
9	5953	5954	1.0
9	5954	5955	1.0
9	5955	5956	1.0
9	5956	5957	1.0
9	5957	5958	1.0
9	5958	5959	1.0
9	5959	5960	1.0
9	5960	5961	1.0
9	5961	5962	1.0
9	5962	5963	1.0
9	5963	5964	1.0
9	5964	5965	1.0
9	5965	5966	1.0
9	5966	5967	1.0
9	5967	5968	1.0
9	5968	5969	1.0
9	5969	5970	1.0
9	5970	5971	1.0
9	5971	5972	1.0
9	5972	5973	1.0
9	5973	5974	1.0
9	5974	5975	1.0
9	5975	5976	1.0
9	5976	5977	1.0
9	5977	5978	1.0
9	5978	5979	1.0
9	5979	5980	1.0
9	5980	5981	1.0
9	5981	5982	1.0
9	5982	5983	1.0
9	5983	5984	1.0
9	5984	5985	1.0
9	5985	5986	1.0
9	5986	5987	1.0
9	5987	5988	1.0
9	5988	5989	1.0
9	5989	5990	1.0
9	5990	5991	1.0
9	5991	5992	1.0
9	5992	5993	1.0
9	5993	5994	1.0
9	5994	5995	1.0
9	5995	5996	1.0
9	5996	5997	1.0
9	5997	5998	1.0
9	5998	5999	1.0
9	5999	6000	1.0
9	6000	6001	1.0
9	6001	6002	1.0
9	6002	6003	1.0
9	6003	6004	1.0
9	6004	6005	1.0
9	6005	6006	1.0
9	6006	6007	1.0
9	6007	6008	1.0
9	6008	6009	1.0
9	6009	6010	1.0
9	6010	6011	1.0
9	6011	6012	1.0
9	6012	6013	1.0
9	6013	6014	1.0
9	6014	6015	1.0
9	6015	6016	1.0
9	6016	6017	1.0
9	6017	6018	1.0
9	6018	6019	1.0
9	6019	6020	1.0
9	6020	6021	1.0
9	6021	6022	1.0
9	6022	6023	1.0
9	6023	6024	1.0
9	6024	6025	1.0
9	6025	6026	1.0
9	6026	6027	1.0
9	6027	6028	1.0
9	6028	6029	1.0
9	6029	6030	1.0
9	6030	6031	1.0
9	6031	6032	1.0
9	6032	6033	1.0
9	6033	6034	1.0
9	6034	6035	1.0
9	6035	6036	1.0
9	6036	6037	1.0
9	6037	6038	1.0
9	6038	6039	1.0
9	6039	6040	1.0
9	6040	6041	1.0
9	6041	6042	1.0
9	6042	6043	1.0
9	6043	6044	1.0
9	6044	6045	1.0
9	6045	6046	1.0
9	6046	6047	1.0
9	6047	6048	1.0
9	6048	6049	1.0
9	6049	6050	1.0
9	6050	6051	1.0
9	6051	6052	1.0
9	6052	6053	1.0
9	6053	6054	1.0
9	6054	6055	1.0
9	6055	6056	1.0
9	6056	6057	1.0
9	6057	6058	1.0
9	6058	6059	1.0
9	6059	6060	1.0
9	6060	6061	1.0
9	6061	6062	1.0
9	6062	6063	1.0
9	6063	6064	1.0
9	6064	6065	1.0
9	6065	6066	1.0
9	6066	6067	1.0
9	6067	6068	1.0
9	6068	6069	1.0
9	6069	6070	1.0
9	6070	6071	1.0
9	6071	6072	1.0
9	6072	6073	1.0
9	6073	6074	1.0
9	6074	6075	1.0
9	6075	6076	1.0
9	6076	6077	1.0
9	6077	6078	1.0
9	6078	6079	1.0
9	6079	6080	1.0
9	6080	6081	1.0
9	6081	6082	1.0
9	6082	6083	1.0
9	6083	6084	1.0
9	6084	6085	1.0
9	6085	6086	1.0
9	6086	6087	1.0
9	6087	6088	1.0
9	6088	6089	1.0
9	6089	6090	1.0
9	6090	6091	1.0
9	6091	6092	1.0
9	6092	6093	1.0
9	6093	6094	1.0
9	6094	6095	1.0
9	6095	6096	1.0
9	6096	6097	1.0
9	6097	6098	1.0
9	6098	6099	1.0
9	6099	6100	1.0
9	6100	6101	1.0
9	6101	6102	1.0
9	6102	6103	1.0
9	6103	6104	1.0
9	6104	6105	1.0
9	6105	6106	1.0
9	6106	6107	1.0
9	6107	6108	1.0
9	6108	6109	1.0
9	6109	6110	1.0
9	6110	6111	1.0
9	6111	6112	1.0
9	6112	6113	1.0
9	6113	6114	1.0
9	6114	6115	1.0
9	6115	6116	1.0
9	6116	6117	1.0
9	6117	6118	1.0
9	6118	6119	1.0
9	6119	6120	1.0
9	6120	6121	1.0
9	6121	6122	1.0
9	6122	6123	1.0
9	6123	6124	1.0
9	6124	6125	1.0
9	6125	6126	1.0
9	6126	6127	1.0
9	6127	6128	1.0
9	6128	6129	1.0
9	6129	6130	1.0
9	6130	6131	1.0
9	6131	6132	1.0
9	6132	6133	1.0
9	6133	6134	1.0
9	6134	6135	1.0
9	6135	6136	1.0
9	6136	6137	1.0
9	6137	6138	1.0
9	6138	6139	1.0
9	6139	6140	1.0
9	6140	6141	1.0
9	6141	6142	1.0
9	6142	6143	1.0
9	6143	6144	1.0
9	6144	6145	1.0
9	6145	6146	1.0
9	6146	6147	1.0
9	6147	6148	1.0
9	6148	6149	1.0
9	6149	6150	1.0
9	6150	6151	1.0
9	6151	6152	1.0
9	6152	6153	1.0
9	6153	6154	1.0
9	6154	6155	1.0
9	6155	6156	1.0
9	6156	6157	1.0
9	6157	6158	1.0
9	6158	6159	1.0
9	6159	6160	1.0
9	6160	6161	1.0
9	6161	6162	1.0
9	6162	6163	1.0
9	6163	6164	1.0
9	6164	6165	1.0
9	6165	6166	1.0
9	6166	6167	1.0
9	6167	6168	1.0
9	6168	6169	1.0
9	6169	6170	1.0
9	6170	6171	1.0
9	6171	6172	1.0
9	6172	6173	1.0
9	6173	6174	1.0
9	6174	6175	1.0
9	6175	6176	1.0
9	6176	6177	1.0
9	6177	6178	1.0
9	6178	6179	1.0
9	6179	6180	1.0
9	6180	6181	1.0
9	6181	6182	1.0
9	6182	6183	1.0
9	6183	6184	1.0
9	6184	6185	1.0
9	6185	6186	1.0
9	6186	6187	1.0
9	6187	6188	1.0
9	6188	6189	1.0
9	6189	6190	1.0
9	6190	6191	1.0
9	6191	6192	1.0
9	6192	6193	1.0
9	6193	6194	1.0
9	6194	6195	1.0
9	6195	6196	1.0
9	6196	6197	1.0
9	6197	6198	1.0
9	6198	6199	1.0
9	6199	6200	1.0
9	6200	6201	1.0
9	6201	6202	1.0
9	6202	6203	1.0
9	6203	6204	1.0
9	6204	6205	1.0
9	6205	6206	1.0
9	6206	6207	1.0
9	6207	6208	1.0
9	6208	6209	1.0
9	6209	6210	1.0
9	6210	6211	1.0
9	6211	6212	1.0
9	6212	6213	1.0
9	6213	6214	1.0
9	6214	6215	1.0
9	6215	6216	1.0
9	6216	6217	1.0
9	6217	6218	1.0
