0	0	0.0
0	1	1.0
0	2	0.0
0	3	0.0
0	4	0.0
0	5	0.0
0	6	0.0
0	7	0.0
0	8	0.0
0	9	0.0
0	10	0.0
0	11	0.0
0	12	0.0
0	13	0.0
0	14	0.0
0	15	1.0
0	16	0.0
0	17	0.0
0	18	1.0
0	19	0.0
0	20	1.0
0	21	0.0
0	22	0.0
0	23	1.0
0	24	1.0
0	25	1.0
0	26	0.0
0	27	0.0
0	28	0.0
0	29	1.0
0	30	0.0
0	31	0.0
0	32	0.0
0	33	0.0
0	34	1.0
0	35	0.0
0	36	0.0
0	37	1.0
0	38	0.0
0	39	0.0
0	40	0.0
0	41	0.0
0	42	1.0
0	43	0.0
0	44	0.0
0	45	1.0
0	46	0.0
0	47	0.0
0	48	0.0
0	49	0.0
0	50	1.0
0	51	1.0
0	52	0.0
0	53	1.0
0	54	1.0
0	55	1.0
0	56	0.0
0	57	0.0
0	58	0.0
0	59	0.0
0	60	0.0
0	61	0.0
0	62	0.0
0	63	0.0
0	64	0.0
0	65	0.0
0	66	0.0
0	67	0.0
0	68	0.0
0	69	0.0
0	70	0.0
0	71	0.0
0	72	0.0
0	73	0.0
0	74	0.0
0	75	1.0
0	76	1.0
0	77	1.0
0	78	0.0
0	79	1.0
0	80	0.0
0	81	0.0
0	82	1.0
0	83	0.0
0	84	0.0
0	85	0.0
0	86	0.0
0	87	1.0
0	88	1.0
0	89	0.0
0	90	0.0
0	91	0.0
0	92	0.0
0	93	0.0
0	94	0.0
0	95	0.0
0	96	0.0
0	97	0.0
0	98	0.0
0	99	0.0
0	100	0.0
0	101	0.0
0	102	0.0
0	103	1.0
0	104	0.0
0	105	0.0
0	106	0.0
0	107	0.0
0	108	0.0
0	109	0.0
0	110	0.0
0	111	0.0
0	112	0.0
0	113	0.0
0	114	0.0
0	115	0.0
0	116	0.0
0	117	0.0
0	118	0.0
0	119	0.0
0	120	0.0
0	121	0.0
0	122	0.0
0	123	0.0
0	124	0.0
0	125	0.0
0	126	0.0
0	127	0.0
0	128	0.0
0	129	0.0
0	130	0.0
0	131	0.0
0	132	0.0
0	133	0.0
0	134	1.0
0	135	1.0
0	136	0.0
0	137	1.0
0	138	1.0
0	139	0.0
0	140	0.0
0	141	0.0
0	142	0.0
0	143	0.0
0	144	0.0
0	145	0.0
0	146	0.0
0	147	0.0
0	148	0.0
0	149	0.0
0	150	0.0
0	151	0.0
0	152	0.0
0	153	0.0
0	154	0.0
0	155	1.0
0	156	0.0
0	157	0.0
0	158	0.0
0	159	0.0
0	160	0.0
0	161	0.0
0	162	0.0
0	163	0.0
0	164	0.0
0	165	0.0
0	166	0.0
0	167	0.0
0	168	0.0
0	169	0.0
0	170	0.0
0	171	0.0
0	172	0.0
0	173	1.0
0	174	0.0
0	175	0.0
0	176	0.0
0	177	0.0
0	178	0.0
0	179	1.0
0	180	1.0
0	181	0.0
0	182	0.0
0	183	1.0
0	184	0.0
0	185	1.0
0	186	0.0
0	187	1.0
0	188	0.0
0	189	1.0
0	190	0.0
0	191	0.0
0	192	0.0
0	193	1.0
0	194	0.0
0	195	1.0
0	196	0.0
0	197	1.0
0	198	1.0
0	199	0.0
0	200	0.0
0	201	0.0
0	202	0.0
0	203	0.0
0	204	0.0
0	205	0.0
0	206	0.0
0	207	0.0
0	208	0.0
0	209	0.0
0	210	0.0
0	211	0.0
0	212	0.0
0	213	1.0
0	214	0.0
0	215	0.0
0	216	0.0
0	217	0.0
0	218	0.0
0	219	0.0
0	220	0.0
0	221	0.0
0	222	0.0
0	223	0.0
0	224	0.0
0	225	0.0
0	226	0.0
0	227	0.0
0	228	0.0
0	229	0.0
0	230	0.0
0	231	0.0
0	232	1.0
0	233	0.0
0	234	0.0
0	235	1.0
0	236	0.0
0	237	1.0
0	238	0.0
0	239	0.0
0	240	0.0
0	241	1.0
0	242	0.0
0	243	1.0
0	244	0.0
0	245	0.0
0	246	0.0
0	247	0.0
0	248	0.0
0	249	0.0
0	250	0.0
0	251	0.0
0	252	0.0
0	253	0.0
0	254	0.0
0	255	0.0
0	256	0.0
0	257	0.0
0	258	0.0
0	259	0.0
0	260	0.0
0	261	1.0
0	262	1.0
0	263	0.0
0	264	0.0
0	265	0.0
0	266	0.0
0	267	1.0
0	268	0.0
0	269	1.0
0	270	1.0
0	271	0.0
0	272	1.0
0	273	1.0
0	274	0.0
0	275	1.0
0	276	0.0
0	277	0.0
0	278	0.0
0	279	0.0
0	280	1.0
0	281	0.0
0	282	1.0
0	283	0.0
0	284	1.0
0	285	0.0
0	286	1.0
0	287	0.0
0	288	0.0
0	289	1.0
0	290	0.0
0	291	0.0
0	292	1.0
0	293	1.0
0	294	1.0
0	295	1.0
0	296	1.0
1	297	1.0
1	298	0.0
1	299	0.0
1	300	0.0
1	301	0.0
1	302	0.0
1	303	0.0
1	304	0.0
1	305	1.0
1	306	0.0
1	307	0.0
1	308	0.0
1	309	0.0
1	310	1.0
1	311	1.0
1	312	1.0
1	313	0.0
1	314	0.0
1	315	1.0
1	316	1.0
1	317	1.0
1	318	0.0
1	319	0.0
1	320	1.0
1	321	0.0
1	322	0.0
1	323	1.0
1	324	1.0
1	325	1.0
1	326	1.0
1	327	1.0
1	328	1.0
1	329	0.0
1	330	0.0
1	331	1.0
1	332	1.0
1	333	0.0
1	334	1.0
1	335	0.0
1	336	0.0
1	337	0.0
1	338	0.0
1	339	1.0
1	340	1.0
1	341	0.0
1	342	0.0
1	343	0.0
1	344	0.0
1	345	1.0
1	346	1.0
1	347	1.0
1	348	0.0
1	349	0.0
1	350	1.0
1	351	0.0
1	352	0.0
1	353	0.0
1	354	0.0
1	355	1.0
1	356	0.0
1	357	1.0
1	358	0.0
1	359	0.0
1	360	0.0
1	361	1.0
1	362	1.0
1	363	0.0
1	364	0.0
1	365	0.0
1	366	0.0
1	367	1.0
1	368	0.0
1	369	1.0
1	370	1.0
1	371	0.0
1	372	0.0
1	373	1.0
1	374	0.0
1	375	0.0
1	376	0.0
1	377	1.0
1	378	0.0
1	379	1.0
1	380	0.0
1	381	1.0
1	382	0.0
1	383	0.0
1	384	0.0
1	385	0.0
1	386	0.0
1	387	0.0
1	388	0.0
1	389	0.0
1	390	0.0
1	391	1.0
1	392	1.0
1	393	0.0
1	394	0.0
1	395	0.0
1	396	1.0
1	397	1.0
1	398	1.0
1	399	0.0
1	400	1.0
1	401	0.0
1	402	0.0
1	403	0.0
1	404	0.0
1	405	0.0
1	406	1.0
1	407	1.0
1	408	0.0
1	409	0.0
1	410	0.0
1	411	1.0
1	412	1.0
1	413	1.0
1	414	0.0
1	415	1.0
1	416	0.0
1	417	1.0
1	418	0.0
1	419	1.0
1	420	0.0
1	421	1.0
1	422	1.0
1	423	0.0
1	424	1.0
1	425	0.0
1	426	0.0
1	427	0.0
1	428	0.0
1	429	1.0
1	430	0.0
1	431	1.0
1	432	1.0
1	433	0.0
1	434	0.0
1	435	0.0
1	436	0.0
1	437	0.0
1	438	1.0
1	439	1.0
1	440	0.0
1	441	0.0
1	442	0.0
1	443	1.0
1	444	0.0
1	445	0.0
1	446	1.0
1	447	1.0
1	448	0.0
1	449	1.0
1	450	1.0
1	451	1.0
1	452	1.0
1	453	1.0
1	454	0.0
1	455	1.0
1	456	0.0
1	457	1.0
2	458	0.0
2	459	1.0
2	460	0.0
2	461	0.0
2	462	0.0
2	463	0.0
2	464	0.0
2	465	0.0
2	466	0.0
2	467	0.0
2	468	0.0
2	469	1.0
2	470	1.0
2	471	1.0
2	472	0.0
2	473	0.0
2	474	1.0
2	475	1.0
2	476	1.0
2	477	1.0
2	478	1.0
2	479	0.0
2	480	0.0
2	481	1.0
2	482	1.0
2	483	1.0
2	484	0.0
2	485	0.0
2	486	0.0
2	487	0.0
2	488	0.0
2	489	0.0
2	490	1.0
2	491	0.0
2	492	0.0
2	493	0.0
2	494	0.0
2	495	0.0
2	496	0.0
2	497	1.0
2	498	0.0
2	499	0.0
2	500	0.0
2	501	1.0
2	502	1.0
2	503	0.0
2	504	0.0
2	505	1.0
2	506	0.0
2	507	0.0
2	508	0.0
2	509	0.0
2	510	0.0
2	511	1.0
2	512	0.0
2	513	0.0
2	514	0.0
2	515	0.0
2	516	0.0
2	517	0.0
2	518	0.0
2	519	1.0
2	520	1.0
2	521	0.0
2	522	0.0
2	523	0.0
2	524	0.0
2	525	0.0
2	526	0.0
2	527	0.0
2	528	0.0
2	529	0.0
2	530	0.0
2	531	0.0
2	532	0.0
2	533	0.0
2	534	0.0
2	535	0.0
2	536	0.0
2	537	0.0
2	538	0.0
2	539	0.0
2	540	0.0
2	541	0.0
2	542	0.0
2	543	0.0
2	544	0.0
2	545	0.0
2	546	0.0
2	547	0.0
2	548	0.0
2	549	0.0
2	550	0.0
2	551	0.0
2	552	0.0
2	553	0.0
2	554	0.0
2	555	0.0
2	556	0.0
2	557	0.0
2	558	0.0
2	559	0.0
2	560	0.0
2	561	1.0
2	562	0.0
2	563	0.0
2	564	0.0
2	565	0.0
2	566	0.0
2	567	0.0
2	568	0.0
2	569	0.0
2	570	0.0
2	571	0.0
2	572	0.0
2	573	0.0
2	574	0.0
2	575	0.0
2	576	0.0
2	577	0.0
2	578	0.0
2	579	0.0
2	580	0.0
2	581	0.0
2	582	1.0
2	583	0.0
2	584	1.0
2	585	0.0
2	586	0.0
2	587	0.0
2	588	1.0
2	589	0.0
2	590	1.0
2	591	1.0
2	592	1.0
2	593	1.0
2	594	0.0
2	595	1.0
2	596	0.0
2	597	1.0
2	598	0.0
2	599	0.0
2	600	1.0
2	601	0.0
2	602	0.0
2	603	1.0
2	604	0.0
2	605	0.0
2	606	0.0
2	607	1.0
2	608	1.0
2	609	1.0
3	610	0.0
3	611	1.0
3	612	0.0
3	613	0.0
3	614	0.0
3	615	0.0
3	616	0.0
3	617	1.0
3	618	0.0
3	619	1.0
3	620	0.0
3	621	1.0
3	622	0.0
3	623	0.0
3	624	1.0
3	625	1.0
3	626	0.0
3	627	0.0
3	628	1.0
3	629	0.0
3	630	0.0
3	631	1.0
3	632	0.0
3	633	0.0
3	634	0.0
3	635	1.0
3	636	0.0
3	637	0.0
3	638	1.0
3	639	0.0
3	640	0.0
3	641	1.0
3	642	0.0
3	643	0.0
3	644	0.0
3	645	1.0
3	646	0.0
3	647	0.0
3	648	0.0
3	649	0.0
3	650	0.0
3	651	1.0
3	652	0.0
3	653	0.0
3	654	0.0
3	655	0.0
3	656	1.0
3	657	0.0
3	658	0.0
3	659	1.0
3	660	0.0
3	661	1.0
3	662	0.0
3	663	1.0
3	664	0.0
3	665	0.0
3	666	0.0
3	667	1.0
3	668	0.0
3	669	0.0
3	670	1.0
3	671	0.0
3	672	0.0
3	673	0.0
3	674	1.0
3	675	0.0
3	676	1.0
3	677	0.0
3	678	1.0
3	679	0.0
3	680	0.0
3	681	0.0
3	682	1.0
3	683	0.0
3	684	0.0
3	685	1.0
3	686	0.0
3	687	0.0
3	688	1.0
3	689	0.0
3	690	0.0
3	691	1.0
3	692	0.0
3	693	1.0
3	694	0.0
3	695	0.0
3	696	0.0
3	697	1.0
3	698	1.0
3	699	1.0
3	700	1.0
3	701	1.0
3	702	1.0
3	703	1.0
3	704	1.0
3	705	0.0
3	706	0.0
3	707	1.0
3	708	0.0
3	709	0.0
3	710	1.0
3	711	0.0
3	712	1.0
3	713	1.0
3	714	0.0
3	715	1.0
3	716	0.0
3	717	0.0
3	718	0.0
3	719	0.0
3	720	1.0
3	721	0.0
3	722	1.0
3	723	0.0
3	724	0.0
3	725	0.0
3	726	0.0
3	727	1.0
3	728	0.0
3	729	0.0
3	730	0.0
3	731	1.0
3	732	1.0
3	733	0.0
3	734	0.0
3	735	0.0
3	736	0.0
3	737	0.0
3	738	0.0
3	739	0.0
3	740	0.0
3	741	0.0
3	742	0.0
3	743	0.0
4	744	0.0
4	745	1.0
4	746	0.0
4	747	0.0
4	748	0.0
4	749	0.0
4	750	0.0
4	751	0.0
4	752	0.0
4	753	1.0
4	754	1.0
4	755	1.0
4	756	0.0
4	757	0.0
4	758	1.0
4	759	0.0
4	760	0.0
4	761	0.0
4	762	1.0
4	763	0.0
4	764	1.0
4	765	0.0
4	766	0.0
4	767	0.0
4	768	0.0
4	769	0.0
4	770	0.0
4	771	0.0
4	772	0.0
4	773	0.0
4	774	0.0
4	775	0.0
4	776	0.0
4	777	0.0
4	778	0.0
4	779	0.0
4	780	0.0
4	781	0.0
4	782	0.0
4	783	1.0
4	784	0.0
4	785	0.0
4	786	0.0
4	787	0.0
4	788	0.0
4	789	1.0
4	790	0.0
4	791	0.0
4	792	1.0
4	793	0.0
4	794	0.0
4	795	0.0
4	796	0.0
4	797	0.0
4	798	0.0
4	799	0.0
4	800	0.0
4	801	0.0
4	802	1.0
4	803	0.0
4	804	0.0
4	805	0.0
4	806	0.0
4	807	1.0
4	808	0.0
4	809	1.0
4	810	0.0
4	811	1.0
4	812	0.0
4	813	0.0
4	814	0.0
4	815	1.0
4	816	0.0
4	817	1.0
4	818	0.0
4	819	1.0
4	820	0.0
4	821	0.0
4	822	1.0
4	823	1.0
4	824	0.0
4	825	0.0
4	826	0.0
4	827	0.0
4	828	0.0
4	829	0.0
4	830	0.0
4	831	0.0
4	832	0.0
4	833	0.0
4	834	0.0
4	835	0.0
4	836	1.0
4	837	0.0
4	838	0.0
4	839	0.0
4	840	0.0
4	841	0.0
4	842	0.0
4	843	0.0
4	844	0.0
4	845	0.0
4	846	0.0
4	847	0.0
4	848	1.0
4	849	0.0
4	850	1.0
4	851	0.0
4	852	0.0
4	853	0.0
4	854	0.0
4	855	0.0
4	856	1.0
4	857	1.0
4	858	0.0
4	859	1.0
4	860	1.0
4	861	1.0
4	862	0.0
4	863	1.0
4	864	0.0
4	865	1.0
4	866	0.0
4	867	0.0
4	868	1.0
4	869	0.0
4	870	1.0
4	871	1.0
4	872	0.0
4	873	0.0
4	874	0.0
4	875	1.0
4	876	0.0
4	877	1.0
4	878	1.0
5	879	0.0
5	880	1.0
5	881	0.0
5	882	0.0
5	883	0.0
5	884	0.0
5	885	0.0
5	886	0.0
5	887	0.0
5	888	0.0
5	889	0.0
5	890	0.0
5	891	0.0
5	892	1.0
5	893	1.0
5	894	1.0
5	895	0.0
5	896	0.0
5	897	0.0
5	898	0.0
5	899	0.0
5	900	0.0
5	901	0.0
5	902	0.0
5	903	0.0
5	904	0.0
5	905	0.0
5	906	1.0
5	907	0.0
5	908	1.0
5	909	0.0
5	910	0.0
5	911	0.0
5	912	1.0
5	913	1.0
5	914	0.0
5	915	1.0
5	916	0.0
5	917	0.0
5	918	0.0
5	919	0.0
5	920	1.0
5	921	0.0
5	922	0.0
5	923	0.0
5	924	1.0
5	925	0.0
5	926	0.0
5	927	0.0
5	928	0.0
5	929	0.0
5	930	0.0
5	931	0.0
5	932	0.0
5	933	0.0
5	934	0.0
5	935	0.0
5	936	0.0
5	937	0.0
5	938	0.0
5	939	0.0
5	940	0.0
5	941	0.0
5	942	0.0
5	943	0.0
5	944	0.0
5	945	0.0
5	946	0.0
5	947	1.0
5	948	0.0
5	949	1.0
5	950	0.0
5	951	0.0
5	952	0.0
5	953	1.0
5	954	0.0
5	955	1.0
5	956	0.0
5	957	0.0
5	958	0.0
5	959	0.0
5	960	0.0
5	961	0.0
5	962	0.0
5	963	0.0
5	964	0.0
5	965	0.0
5	966	0.0
5	967	0.0
5	968	0.0
5	969	0.0
5	970	0.0
5	971	1.0
5	972	0.0
5	973	1.0
5	974	0.0
5	975	0.0
5	976	0.0
5	977	0.0
5	978	1.0
5	979	0.0
5	980	0.0
5	981	0.0
5	982	1.0
5	983	0.0
5	984	0.0
5	985	0.0
5	986	0.0
5	987	0.0
5	988	1.0
5	989	0.0
5	990	0.0
5	991	0.0
5	992	1.0
5	993	0.0
5	994	0.0
5	995	0.0
5	996	0.0
5	997	1.0
5	998	0.0
5	999	0.0
5	1000	1.0
5	1001	0.0
5	1002	0.0
5	1003	1.0
5	1004	0.0
5	1005	0.0
5	1006	0.0
5	1007	1.0
5	1008	0.0
5	1009	0.0
5	1010	0.0
5	1011	0.0
5	1012	0.0
5	1013	1.0
5	1014	0.0
5	1015	0.0
5	1016	1.0
5	1017	0.0
5	1018	0.0
5	1019	1.0
5	1020	0.0
5	1021	0.0
5	1022	0.0
5	1023	0.0
5	1024	1.0
5	1025	0.0
5	1026	0.0
5	1027	0.0
5	1028	0.0
5	1029	0.0
5	1030	0.0
5	1031	1.0
5	1032	0.0
5	1033	0.0
5	1034	1.0
5	1035	0.0
5	1036	0.0
5	1037	0.0
5	1038	0.0
5	1039	0.0
5	1040	0.0
5	1041	0.0
5	1042	1.0
5	1043	0.0
5	1044	0.0
5	1045	0.0
5	1046	0.0
5	1047	0.0
5	1048	0.0
5	1049	1.0
5	1050	0.0
5	1051	1.0
5	1052	0.0
5	1053	0.0
5	1054	0.0
5	1055	1.0
5	1056	0.0
5	1057	1.0
5	1058	0.0
5	1059	0.0
5	1060	1.0
5	1061	0.0
5	1062	1.0
5	1063	0.0
5	1064	1.0
5	1065	0.0
5	1066	0.0
5	1067	1.0
5	1068	0.0
5	1069	1.0
5	1070	1.0
5	1071	0.0
5	1072	0.0
5	1073	0.0
5	1074	0.0
5	1075	0.0
5	1076	0.0
5	1077	0.0
5	1078	0.0
5	1079	0.0
5	1080	0.0
5	1081	0.0
5	1082	0.0
5	1083	0.0
5	1084	0.0
5	1085	1.0
5	1086	0.0
5	1087	1.0
5	1088	1.0
5	1089	1.0
5	1090	1.0
5	1091	0.0
5	1092	1.0
5	1093	0.0
5	1094	0.0
5	1095	1.0
5	1096	1.0
5	1097	0.0
5	1098	0.0
5	1099	0.0
5	1100	0.0
5	1101	0.0
5	1102	1.0
5	1103	0.0
5	1104	0.0
5	1105	1.0
5	1106	0.0
5	1107	1.0
5	1108	0.0
5	1109	1.0
5	1110	0.0
5	1111	1.0
5	1112	1.0
6	1113	0.0
6	1114	0.0
6	1115	1.0
6	1116	0.0
6	1117	0.0
6	1118	0.0
6	1119	1.0
6	1120	0.0
6	1121	1.0
6	1122	0.0
6	1123	0.0
6	1124	0.0
6	1125	0.0
6	1126	0.0
6	1127	0.0
6	1128	0.0
6	1129	0.0
6	1130	0.0
6	1131	0.0
6	1132	0.0
6	1133	0.0
6	1134	0.0
6	1135	0.0
6	1136	0.0
6	1137	0.0
6	1138	0.0
6	1139	0.0
6	1140	0.0
6	1141	0.0
6	1142	0.0
6	1143	0.0
6	1144	0.0
6	1145	1.0
6	1146	1.0
6	1147	0.0
6	1148	0.0
6	1149	0.0
6	1150	0.0
6	1151	0.0
6	1152	1.0
6	1153	0.0
6	1154	1.0
6	1155	0.0
6	1156	1.0
6	1157	0.0
6	1158	0.0
6	1159	0.0
6	1160	1.0
6	1161	0.0
6	1162	1.0
6	1163	0.0
6	1164	1.0
6	1165	1.0
6	1166	0.0
6	1167	0.0
6	1168	0.0
6	1169	1.0
6	1170	0.0
6	1171	0.0
6	1172	1.0
6	1173	1.0
6	1174	1.0
6	1175	1.0
6	1176	0.0
6	1177	1.0
6	1178	0.0
6	1179	0.0
6	1180	1.0
6	1181	0.0
6	1182	0.0
6	1183	1.0
6	1184	1.0
6	1185	0.0
6	1186	0.0
6	1187	0.0
6	1188	1.0
6	1189	0.0
6	1190	0.0
6	1191	0.0
6	1192	0.0
6	1193	0.0
6	1194	0.0
6	1195	0.0
6	1196	1.0
6	1197	1.0
6	1198	0.0
6	1199	0.0
6	1200	1.0
6	1201	1.0
6	1202	1.0
6	1203	0.0
6	1204	1.0
6	1205	1.0
6	1206	0.0
6	1207	0.0
6	1208	0.0
7	1209	0.0
7	1210	1.0
7	1211	0.0
7	1212	0.0
7	1213	0.0
7	1214	1.0
7	1215	1.0
7	1216	1.0
7	1217	1.0
7	1218	1.0
7	1219	1.0
7	1220	1.0
7	1221	1.0
7	1222	0.0
7	1223	1.0
7	1224	0.0
7	1225	1.0
7	1226	1.0
7	1227	0.0
7	1228	1.0
7	1229	1.0
7	1230	1.0
7	1231	0.0
7	1232	1.0
7	1233	1.0
7	1234	1.0
7	1235	0.0
7	1236	1.0
7	1237	1.0
7	1238	0.0
7	1239	0.0
7	1240	1.0
7	1241	0.0
7	1242	1.0
7	1243	0.0
7	1244	0.0
7	1245	1.0
7	1246	0.0
7	1247	1.0
7	1248	0.0
7	1249	0.0
7	1250	0.0
7	1251	0.0
7	1252	0.0
7	1253	1.0
7	1254	0.0
7	1255	0.0
7	1256	1.0
7	1257	0.0
7	1258	1.0
7	1259	0.0
7	1260	0.0
7	1261	1.0
7	1262	1.0
7	1263	1.0
7	1264	1.0
7	1265	0.0
7	1266	1.0
7	1267	1.0
7	1268	1.0
7	1269	0.0
7	1270	0.0
7	1271	0.0
7	1272	0.0
7	1273	0.0
7	1274	1.0
7	1275	1.0
7	1276	0.0
7	1277	0.0
7	1278	1.0
7	1279	0.0
7	1280	0.0
7	1281	1.0
7	1282	0.0
7	1283	1.0
7	1284	0.0
7	1285	1.0
7	1286	1.0
7	1287	0.0
7	1288	0.0
7	1289	0.0
7	1290	1.0
7	1291	1.0
7	1292	0.0
7	1293	1.0
7	1294	0.0
7	1295	1.0
7	1296	1.0
7	1297	1.0
7	1298	0.0
7	1299	0.0
7	1300	0.0
7	1301	0.0
7	1302	0.0
7	1303	0.0
7	1304	0.0
7	1305	0.0
7	1306	0.0
7	1307	1.0
7	1308	1.0
7	1309	1.0
7	1310	0.0
7	1311	0.0
7	1312	1.0
7	1313	1.0
7	1314	1.0
7	1315	0.0
7	1316	0.0
8	1317	0.0
8	1318	1.0
8	1319	0.0
8	1320	0.0
8	1321	0.0
8	1322	0.0
8	1323	0.0
8	1324	0.0
8	1325	0.0
8	1326	1.0
8	1327	1.0
8	1328	0.0
8	1329	1.0
8	1330	1.0
8	1331	0.0
8	1332	0.0
8	1333	1.0
8	1334	0.0
8	1335	0.0
8	1336	0.0
8	1337	0.0
8	1338	1.0
8	1339	0.0
8	1340	0.0
8	1341	0.0
8	1342	0.0
8	1343	1.0
8	1344	0.0
8	1345	0.0
8	1346	0.0
8	1347	0.0
8	1348	1.0
8	1349	0.0
8	1350	0.0
8	1351	1.0
8	1352	0.0
8	1353	0.0
8	1354	0.0
8	1355	0.0
8	1356	1.0
8	1357	0.0
8	1358	0.0
8	1359	0.0
8	1360	1.0
8	1361	1.0
8	1362	0.0
8	1363	0.0
8	1364	1.0
8	1365	0.0
8	1366	0.0
8	1367	0.0
8	1368	0.0
8	1369	0.0
8	1370	0.0
8	1371	0.0
8	1372	0.0
8	1373	0.0
8	1374	0.0
8	1375	0.0
8	1376	0.0
8	1377	0.0
8	1378	0.0
8	1379	0.0
8	1380	0.0
8	1381	0.0
8	1382	0.0
8	1383	0.0
8	1384	0.0
8	1385	0.0
8	1386	0.0
8	1387	0.0
8	1388	0.0
8	1389	0.0
8	1390	0.0
8	1391	0.0
8	1392	0.0
8	1393	0.0
8	1394	0.0
8	1395	1.0
8	1396	0.0
8	1397	0.0
8	1398	0.0
8	1399	1.0
8	1400	1.0
8	1401	0.0
8	1402	0.0
8	1403	0.0
8	1404	0.0
8	1405	0.0
8	1406	0.0
8	1407	0.0
8	1408	0.0
8	1409	0.0
8	1410	0.0
8	1411	0.0
8	1412	1.0
8	1413	1.0
8	1414	1.0
8	1415	0.0
8	1416	1.0
8	1417	0.0
8	1418	0.0
8	1419	0.0
8	1420	0.0
8	1421	1.0
8	1422	0.0
8	1423	0.0
8	1424	1.0
8	1425	0.0
8	1426	0.0
8	1427	1.0
8	1428	0.0
8	1429	0.0
8	1430	0.0
8	1431	1.0
8	1432	0.0
8	1433	0.0
8	1434	0.0
8	1435	1.0
8	1436	0.0
8	1437	0.0
8	1438	0.0
8	1439	0.0
8	1440	0.0
8	1441	1.0
8	1442	0.0
8	1443	0.0
8	1444	0.0
8	1445	0.0
8	1446	0.0
8	1447	0.0
8	1448	0.0
8	1449	0.0
8	1450	0.0
8	1451	0.0
8	1452	0.0
8	1453	0.0
8	1454	0.0
8	1455	0.0
8	1456	0.0
8	1457	0.0
8	1458	0.0
8	1459	1.0
8	1460	0.0
8	1461	0.0
8	1462	0.0
8	1463	0.0
8	1464	0.0
8	1465	0.0
8	1466	0.0
8	1467	0.0
8	1468	0.0
8	1469	0.0
8	1470	0.0
8	1471	0.0
8	1472	0.0
8	1473	0.0
8	1474	0.0
8	1475	0.0
8	1476	0.0
8	1477	0.0
8	1478	0.0
8	1479	0.0
8	1480	0.0
8	1481	0.0
8	1482	0.0
8	1483	0.0
8	1484	0.0
8	1485	0.0
8	1486	0.0
8	1487	0.0
8	1488	0.0
8	1489	0.0
8	1490	1.0
8	1491	1.0
8	1492	0.0
8	1493	0.0
8	1494	1.0
8	1495	0.0
8	1496	0.0
8	1497	0.0
8	1498	1.0
8	1499	0.0
8	1500	0.0
8	1501	0.0
8	1502	0.0
8	1503	1.0
8	1504	0.0
8	1505	1.0
8	1506	0.0
8	1507	1.0
8	1508	1.0
8	1509	1.0
8	1510	1.0
8	1511	1.0
8	1512	1.0
8	1513	0.0
8	1514	0.0
8	1515	0.0
8	1516	0.0
8	1517	0.0
8	1518	0.0
8	1519	1.0
8	1520	0.0
8	1521	0.0
8	1522	1.0
8	1523	0.0
8	1524	0.0
8	1525	1.0
8	1526	0.0
8	1527	0.0
8	1528	1.0
8	1529	0.0
8	1530	1.0
8	1531	0.0
8	1532	0.0
8	1533	0.0
8	1534	0.0
8	1535	1.0
8	1536	0.0
8	1537	1.0
8	1538	0.0
8	1539	1.0
8	1540	0.0
8	1541	0.0
8	1542	0.0
8	1543	0.0
8	1544	0.0
8	1545	0.0
8	1546	0.0
8	1547	0.0
8	1548	1.0
8	1549	1.0
8	1550	1.0
8	1551	0.0
8	1552	0.0
8	1553	0.0
8	1554	0.0
8	1555	1.0
8	1556	0.0
8	1557	0.0
8	1558	0.0
8	1559	0.0
8	1560	0.0
8	1561	0.0
8	1562	0.0
8	1563	0.0
8	1564	0.0
8	1565	1.0
8	1566	1.0
8	1567	0.0
8	1568	1.0
8	1569	0.0
8	1570	0.0
8	1571	0.0
8	1572	1.0
8	1573	1.0
8	1574	0.0
8	1575	1.0
8	1576	0.0
8	1577	1.0
8	1578	1.0
8	1579	0.0
8	1580	1.0
8	1581	0.0
8	1582	0.0
8	1583	1.0
8	1584	0.0
8	1585	0.0
8	1586	0.0
8	1587	1.0
8	1588	0.0
8	1589	0.0
8	1590	1.0
8	1591	0.0
8	1592	1.0
8	1593	1.0
9	1594	0.0
9	1595	0.0
9	1596	1.0
9	1597	0.0
9	1598	0.0
9	1599	0.0
9	1600	1.0
9	1601	1.0
9	1602	1.0
9	1603	0.0
9	1604	1.0
9	1605	0.0
9	1606	1.0
9	1607	0.0
9	1608	1.0
9	1609	1.0
9	1610	1.0
9	1611	0.0
9	1612	0.0
9	1613	0.0
9	1614	0.0
9	1615	0.0
9	1616	0.0
9	1617	0.0
9	1618	0.0
9	1619	0.0
9	1620	0.0
9	1621	0.0
9	1622	0.0
9	1623	0.0
9	1624	0.0
9	1625	0.0
9	1626	0.0
9	1627	0.0
9	1628	0.0
9	1629	0.0
9	1630	0.0
9	1631	0.0
9	1632	0.0
9	1633	0.0
9	1634	0.0
9	1635	0.0
9	1636	0.0
9	1637	0.0
9	1638	0.0
9	1639	0.0
9	1640	0.0
9	1641	1.0
9	1642	0.0
9	1643	0.0
9	1644	0.0
9	1645	1.0
9	1646	0.0
9	1647	0.0
9	1648	0.0
9	1649	0.0
9	1650	0.0
9	1651	0.0
9	1652	0.0
9	1653	0.0
9	1654	0.0
9	1655	0.0
9	1656	0.0
9	1657	0.0
9	1658	0.0
9	1659	0.0
9	1660	0.0
9	1661	0.0
9	1662	1.0
9	1663	0.0
9	1664	0.0
9	1665	1.0
9	1666	1.0
9	1667	1.0
9	1668	0.0
9	1669	1.0
9	1670	0.0
9	1671	1.0
9	1672	0.0
9	1673	0.0
9	1674	0.0
9	1675	1.0
9	1676	0.0
9	1677	0.0
9	1678	0.0
9	1679	0.0
9	1680	0.0
9	1681	0.0
9	1682	0.0
9	1683	0.0
9	1684	0.0
9	1685	0.0
9	1686	0.0
9	1687	0.0
9	1688	0.0
9	1689	1.0
9	1690	0.0
9	1691	0.0
9	1692	0.0
9	1693	1.0
9	1694	1.0
9	1695	0.0
9	1696	0.0
9	1697	0.0
9	1698	0.0
9	1699	0.0
9	1700	0.0
9	1701	0.0
9	1702	0.0
9	1703	0.0
9	1704	1.0
9	1705	0.0
9	1706	0.0
9	1707	0.0
9	1708	1.0
9	1709	0.0
9	1710	0.0
9	1711	0.0
9	1712	0.0
9	1713	0.0
9	1714	0.0
9	1715	0.0
9	1716	1.0
9	1717	0.0
9	1718	0.0
9	1719	0.0
9	1720	1.0
9	1721	0.0
9	1722	0.0
9	1723	0.0
9	1724	1.0
9	1725	0.0
9	1726	1.0
9	1727	0.0
9	1728	0.0
9	1729	0.0
9	1730	0.0
9	1731	0.0
9	1732	1.0
9	1733	1.0
9	1734	0.0
9	1735	0.0
9	1736	0.0
9	1737	0.0
9	1738	0.0
9	1739	0.0
9	1740	0.0
9	1741	0.0
9	1742	0.0
9	1743	0.0
9	1744	1.0
9	1745	0.0
9	1746	1.0
9	1747	0.0
9	1748	0.0
9	1749	0.0
9	1750	1.0
9	1751	0.0
9	1752	1.0
9	1753	0.0
9	1754	1.0
9	1755	0.0
9	1756	0.0
9	1757	1.0
9	1758	0.0
9	1759	1.0
9	1760	0.0
9	1761	1.0
9	1762	1.0
9	1763	0.0
9	1764	1.0
9	1765	0.0
9	1766	1.0
9	1767	0.0
9	1768	0.0
9	1769	0.0
9	1770	0.0
9	1771	0.0
9	1772	0.0
9	1773	0.0
9	1774	0.0
9	1775	0.0
9	1776	0.0
9	1777	0.0
9	1778	0.0
9	1779	0.0
9	1780	0.0
9	1781	0.0
9	1782	0.0
9	1783	0.0
9	1784	1.0
9	1785	0.0
9	1786	0.0
9	1787	1.0
9	1788	1.0
9	1789	0.0
9	1790	0.0
9	1791	0.0
9	1792	0.0
9	1793	0.0
9	1794	0.0
9	1795	0.0
9	1796	1.0
9	1797	0.0
9	1798	0.0
9	1799	0.0
9	1800	0.0
9	1801	1.0
9	1802	0.0
9	1803	0.0
9	1804	0.0
9	1805	0.0
9	1806	1.0
9	1807	0.0
9	1808	0.0
9	1809	0.0
9	1810	0.0
9	1811	1.0
9	1812	0.0
9	1813	0.0
9	1814	1.0
9	1815	0.0
9	1816	1.0
9	1817	0.0
9	1818	1.0
9	1819	0.0
9	1820	0.0
9	1821	1.0
9	1822	0.0
9	1823	0.0
9	1824	0.0
9	1825	1.0
9	1826	0.0
9	1827	1.0
9	1828	0.0
9	1829	0.0
9	1830	0.0
9	1831	0.0
9	1832	1.0
9	1833	0.0
9	1834	1.0
9	1835	0.0
9	1836	0.0
9	1837	0.0
9	1838	1.0
9	1839	0.0
9	1840	0.0
9	1841	0.0
9	1842	1.0
9	1843	0.0
9	1844	1.0
9	1845	0.0
9	1846	0.0
9	1847	1.0
9	1848	0.0
9	1849	0.0
9	1850	0.0
9	1851	1.0
9	1852	0.0
9	1853	0.0
9	1854	0.0
9	1855	1.0
9	1856	0.0
9	1857	0.0
9	1858	0.0
9	1859	0.0
9	1860	1.0
9	1861	1.0
9	1862	0.0
9	1863	0.0
9	1864	0.0
9	1865	1.0
9	1866	0.0
9	1867	1.0
9	1868	0.0
9	1869	1.0
9	1870	0.0
9	1871	0.0
9	1872	0.0
9	1873	1.0
9	1874	0.0
9	1875	0.0
9	1876	1.0
9	1877	0.0
9	1878	1.0
9	1879	0.0
9	1880	1.0
9	1881	0.0
9	1882	1.0
9	1883	1.0
9	1884	1.0
9	1885	0.0
9	1886	0.0
9	1887	0.0
9	1888	0.0
9	1889	0.0
9	1890	0.0
9	1891	0.0
9	1892	1.0
9	1893	0.0
9	1894	0.0
9	1895	0.0
9	1896	0.0
9	1897	0.0
9	1898	0.0
9	1899	0.0
9	1900	0.0
9	1901	0.0
9	1902	0.0
9	1903	1.0
9	1904	0.0
9	1905	1.0
9	1906	0.0
9	1907	0.0
9	1908	1.0
9	1909	0.0
9	1910	0.0
9	1911	0.0
9	1912	0.0
9	1913	0.0
9	1914	0.0
9	1915	1.0
9	1916	0.0
9	1917	0.0
9	1918	0.0
9	1919	0.0
9	1920	0.0
9	1921	0.0
9	1922	0.0
9	1923	0.0
9	1924	0.0
9	1925	0.0
9	1926	1.0
9	1927	1.0
9	1928	1.0
9	1929	0.0
9	1930	0.0
9	1931	0.0
9	1932	0.0
9	1933	0.0
9	1934	0.0
9	1935	0.0
9	1936	0.0
9	1937	1.0
9	1938	0.0
9	1939	0.0
9	1940	1.0
9	1941	0.0
9	1942	1.0
9	1943	0.0
9	1944	0.0
9	1945	1.0
9	1946	0.0
9	1947	0.0
9	1948	1.0
9	1949	0.0
9	1950	0.0
9	1951	1.0
9	1952	0.0
9	1953	0.0
9	1954	0.0
9	1955	1.0
9	1956	1.0
9	1957	0.0
9	1958	1.0
9	1959	1.0
10	1960	0.0
10	1961	0.0
10	1962	1.0
10	1963	0.0
10	1964	0.0
10	1965	0.0
10	1966	0.0
10	1967	0.0
10	1968	0.0
10	1969	0.0
10	1970	0.0
10	1971	0.0
10	1972	1.0
10	1973	1.0
10	1974	1.0
10	1975	0.0
10	1976	0.0
10	1977	0.0
10	1978	1.0
10	1979	0.0
10	1980	0.0
10	1981	0.0
10	1982	1.0
10	1983	1.0
10	1984	0.0
10	1985	0.0
10	1986	0.0
10	1987	0.0
10	1988	0.0
10	1989	1.0
10	1990	0.0
10	1991	0.0
10	1992	0.0
10	1993	0.0
10	1994	0.0
10	1995	0.0
10	1996	0.0
10	1997	0.0
10	1998	0.0
10	1999	0.0
10	2000	0.0
10	2001	0.0
10	2002	0.0
10	2003	0.0
10	2004	0.0
10	2005	0.0
10	2006	0.0
10	2007	0.0
10	2008	0.0
10	2009	0.0
10	2010	0.0
10	2011	0.0
10	2012	0.0
10	2013	0.0
10	2014	0.0
10	2015	0.0
10	2016	0.0
10	2017	0.0
10	2018	0.0
10	2019	0.0
10	2020	0.0
10	2021	0.0
10	2022	0.0
10	2023	0.0
10	2024	0.0
10	2025	0.0
10	2026	0.0
10	2027	0.0
10	2028	0.0
10	2029	1.0
10	2030	0.0
10	2031	0.0
10	2032	0.0
10	2033	0.0
10	2034	1.0
10	2035	0.0
10	2036	0.0
10	2037	0.0
10	2038	0.0
10	2039	0.0
10	2040	0.0
10	2041	0.0
10	2042	1.0
10	2043	0.0
10	2044	0.0
10	2045	0.0
10	2046	0.0
10	2047	1.0
10	2048	0.0
10	2049	0.0
10	2050	0.0
10	2051	0.0
10	2052	0.0
10	2053	0.0
10	2054	0.0
10	2055	0.0
10	2056	0.0
10	2057	0.0
10	2058	0.0
10	2059	1.0
10	2060	0.0
10	2061	0.0
10	2062	0.0
10	2063	1.0
10	2064	0.0
10	2065	1.0
10	2066	0.0
10	2067	0.0
10	2068	0.0
10	2069	1.0
10	2070	0.0
10	2071	1.0
10	2072	0.0
10	2073	1.0
10	2074	0.0
10	2075	1.0
10	2076	0.0
10	2077	0.0
10	2078	0.0
10	2079	1.0
10	2080	0.0
10	2081	1.0
10	2082	0.0
10	2083	1.0
10	2084	0.0
10	2085	1.0
10	2086	1.0
10	2087	0.0
10	2088	0.0
10	2089	1.0
10	2090	0.0
10	2091	0.0
10	2092	0.0
10	2093	0.0
10	2094	1.0
10	2095	1.0
10	2096	1.0
10	2097	0.0
10	2098	0.0
10	2099	0.0
10	2100	0.0
10	2101	0.0
10	2102	1.0
10	2103	1.0
10	2104	0.0
10	2105	1.0
10	2106	0.0
10	2107	0.0
10	2108	0.0
10	2109	0.0
10	2110	0.0
10	2111	1.0
10	2112	0.0
10	2113	0.0
10	2114	1.0
10	2115	0.0
10	2116	0.0
10	2117	1.0
10	2118	1.0
10	2119	0.0
10	2120	1.0
10	2121	0.0
10	2122	1.0
10	2123	0.0
10	2124	1.0
10	2125	0.0
10	2126	0.0
10	2127	0.0
10	2128	0.0
10	2129	0.0
10	2130	0.0
10	2131	0.0
10	2132	0.0
10	2133	0.0
10	2134	0.0
10	2135	0.0
10	2136	1.0
10	2137	0.0
10	2138	1.0
10	2139	1.0
10	2140	0.0
10	2141	1.0
10	2142	0.0
10	2143	0.0
10	2144	1.0
10	2145	0.0
10	2146	0.0
10	2147	0.0
10	2148	1.0
10	2149	0.0
10	2150	0.0
10	2151	1.0
10	2152	1.0
10	2153	0.0
10	2154	1.0
10	2155	0.0
10	2156	0.0
10	2157	0.0
10	2158	1.0
10	2159	0.0
10	2160	1.0
10	2161	1.0
10	2162	0.0
10	2163	1.0
10	2164	0.0
10	2165	1.0
10	2166	0.0
10	2167	1.0
10	2168	0.0
10	2169	0.0
10	2170	0.0
10	2171	0.0
10	2172	0.0
10	2173	0.0
10	2174	0.0
10	2175	1.0
10	2176	1.0
10	2177	1.0
10	2178	1.0
11	2179	0.0
11	2180	1.0
11	2181	0.0
11	2182	0.0
11	2183	0.0
11	2184	1.0
11	2185	0.0
11	2186	0.0
11	2187	1.0
11	2188	1.0
11	2189	0.0
11	2190	0.0
11	2191	1.0
11	2192	0.0
11	2193	1.0
11	2194	0.0
11	2195	1.0
11	2196	0.0
11	2197	1.0
11	2198	0.0
11	2199	1.0
11	2200	0.0
11	2201	0.0
11	2202	0.0
11	2203	0.0
11	2204	0.0
11	2205	0.0
11	2206	0.0
11	2207	0.0
11	2208	0.0
11	2209	0.0
11	2210	0.0
11	2211	0.0
11	2212	0.0
11	2213	0.0
11	2214	0.0
11	2215	0.0
11	2216	0.0
11	2217	0.0
11	2218	0.0
11	2219	0.0
11	2220	0.0
11	2221	0.0
11	2222	1.0
11	2223	0.0
11	2224	0.0
11	2225	0.0
11	2226	0.0
11	2227	1.0
11	2228	0.0
11	2229	0.0
11	2230	0.0
11	2231	0.0
11	2232	0.0
11	2233	0.0
11	2234	0.0
11	2235	0.0
11	2236	0.0
11	2237	0.0
11	2238	1.0
11	2239	0.0
11	2240	0.0
11	2241	0.0
11	2242	0.0
11	2243	1.0
11	2244	1.0
11	2245	0.0
11	2246	0.0
11	2247	0.0
11	2248	0.0
11	2249	0.0
11	2250	0.0
11	2251	0.0
11	2252	0.0
11	2253	0.0
11	2254	0.0
11	2255	0.0
11	2256	0.0
11	2257	0.0
11	2258	0.0
11	2259	0.0
11	2260	0.0
11	2261	0.0
11	2262	0.0
11	2263	0.0
11	2264	0.0
11	2265	0.0
11	2266	0.0
11	2267	0.0
11	2268	0.0
11	2269	0.0
11	2270	0.0
11	2271	1.0
11	2272	0.0
11	2273	1.0
11	2274	1.0
11	2275	0.0
11	2276	0.0
11	2277	0.0
11	2278	1.0
11	2279	0.0
11	2280	1.0
11	2281	0.0
11	2282	0.0
11	2283	0.0
11	2284	1.0
11	2285	0.0
11	2286	1.0
11	2287	0.0
11	2288	0.0
11	2289	0.0
11	2290	0.0
11	2291	0.0
11	2292	1.0
11	2293	0.0
11	2294	1.0
11	2295	0.0
11	2296	0.0
11	2297	0.0
11	2298	1.0
11	2299	0.0
11	2300	0.0
11	2301	1.0
11	2302	0.0
11	2303	1.0
11	2304	0.0
11	2305	1.0
11	2306	0.0
11	2307	1.0
11	2308	0.0
11	2309	1.0
11	2310	0.0
11	2311	1.0
11	2312	0.0
11	2313	0.0
11	2314	0.0
11	2315	1.0
11	2316	0.0
11	2317	1.0
11	2318	0.0
11	2319	0.0
11	2320	0.0
11	2321	1.0
11	2322	0.0
11	2323	0.0
11	2324	0.0
11	2325	0.0
11	2326	0.0
11	2327	0.0
11	2328	1.0
11	2329	0.0
11	2330	0.0
11	2331	0.0
11	2332	0.0
11	2333	0.0
11	2334	0.0
11	2335	1.0
11	2336	0.0
11	2337	0.0
11	2338	0.0
11	2339	0.0
11	2340	1.0
11	2341	0.0
11	2342	1.0
11	2343	0.0
11	2344	0.0
11	2345	1.0
11	2346	0.0
11	2347	0.0
11	2348	0.0
11	2349	1.0
11	2350	0.0
11	2351	0.0
11	2352	0.0
11	2353	1.0
11	2354	0.0
11	2355	0.0
11	2356	0.0
11	2357	1.0
11	2358	0.0
11	2359	1.0
11	2360	1.0
11	2361	0.0
11	2362	1.0
11	2363	0.0
11	2364	1.0
11	2365	0.0
11	2366	0.0
11	2367	1.0
11	2368	0.0
11	2369	0.0
11	2370	0.0
11	2371	0.0
11	2372	0.0
11	2373	0.0
11	2374	1.0
11	2375	0.0
11	2376	1.0
11	2377	0.0
11	2378	0.0
11	2379	0.0
11	2380	0.0
11	2381	0.0
11	2382	0.0
11	2383	0.0
11	2384	0.0
11	2385	0.0
11	2386	0.0
11	2387	0.0
11	2388	0.0
11	2389	0.0
11	2390	0.0
11	2391	0.0
11	2392	0.0
11	2393	1.0
11	2394	0.0
11	2395	1.0
11	2396	0.0
11	2397	0.0
11	2398	0.0
11	2399	0.0
11	2400	0.0
11	2401	0.0
11	2402	1.0
11	2403	0.0
11	2404	1.0
11	2405	0.0
11	2406	0.0
11	2407	0.0
11	2408	1.0
11	2409	0.0
11	2410	0.0
11	2411	1.0
11	2412	0.0
11	2413	0.0
11	2414	0.0
11	2415	0.0
11	2416	1.0
11	2417	0.0
11	2418	0.0
11	2419	0.0
11	2420	0.0
11	2421	1.0
11	2422	0.0
11	2423	0.0
11	2424	1.0
11	2425	0.0
11	2426	1.0
11	2427	0.0
11	2428	0.0
11	2429	0.0
11	2430	1.0
11	2431	0.0
11	2432	0.0
11	2433	0.0
11	2434	0.0
11	2435	0.0
11	2436	1.0
11	2437	1.0
11	2438	0.0
11	2439	1.0
11	2440	0.0
11	2441	0.0
11	2442	0.0
11	2443	0.0
11	2444	0.0
11	2445	0.0
11	2446	0.0
11	2447	0.0
11	2448	0.0
11	2449	0.0
11	2450	1.0
11	2451	0.0
11	2452	0.0
11	2453	0.0
11	2454	1.0
11	2455	0.0
11	2456	1.0
11	2457	0.0
11	2458	0.0
11	2459	0.0
11	2460	0.0
11	2461	0.0
11	2462	1.0
11	2463	0.0
11	2464	0.0
11	2465	0.0
11	2466	1.0
11	2467	0.0
11	2468	0.0
11	2469	0.0
11	2470	1.0
11	2471	1.0
11	2472	0.0
11	2473	0.0
11	2474	0.0
11	2475	0.0
11	2476	0.0
11	2477	0.0
11	2478	0.0
11	2479	0.0
11	2480	0.0
11	2481	0.0
11	2482	0.0
11	2483	0.0
11	2484	1.0
11	2485	0.0
11	2486	0.0
11	2487	0.0
11	2488	0.0
11	2489	0.0
11	2490	0.0
11	2491	0.0
11	2492	0.0
11	2493	0.0
11	2494	0.0
11	2495	0.0
11	2496	1.0
11	2497	0.0
11	2498	1.0
11	2499	0.0
11	2500	0.0
11	2501	0.0
11	2502	0.0
11	2503	0.0
11	2504	0.0
11	2505	0.0
11	2506	0.0
11	2507	0.0
11	2508	0.0
11	2509	0.0
11	2510	0.0
11	2511	0.0
11	2512	1.0
11	2513	0.0
11	2514	0.0
11	2515	0.0
11	2516	0.0
11	2517	0.0
11	2518	0.0
11	2519	0.0
11	2520	0.0
11	2521	0.0
11	2522	0.0
11	2523	0.0
11	2524	1.0
11	2525	0.0
11	2526	0.0
11	2527	0.0
11	2528	0.0
11	2529	0.0
11	2530	0.0
11	2531	0.0
11	2532	0.0
11	2533	0.0
11	2534	0.0
11	2535	0.0
11	2536	1.0
11	2537	0.0
11	2538	0.0
11	2539	1.0
11	2540	0.0
11	2541	0.0
11	2542	1.0
11	2543	0.0
11	2544	1.0
11	2545	0.0
11	2546	0.0
11	2547	0.0
11	2548	0.0
11	2549	0.0
11	2550	0.0
11	2551	0.0
11	2552	0.0
11	2553	0.0
11	2554	0.0
11	2555	1.0
11	2556	0.0
11	2557	0.0
11	2558	0.0
11	2559	0.0
11	2560	0.0
11	2561	0.0
11	2562	0.0
11	2563	0.0
11	2564	0.0
11	2565	0.0
11	2566	0.0
11	2567	0.0
11	2568	0.0
11	2569	0.0
11	2570	1.0
11	2571	0.0
11	2572	1.0
11	2573	0.0
11	2574	0.0
11	2575	0.0
11	2576	0.0
11	2577	1.0
11	2578	0.0
11	2579	1.0
11	2580	0.0
11	2581	1.0
11	2582	0.0
11	2583	1.0
11	2584	0.0
11	2585	0.0
11	2586	0.0
11	2587	0.0
11	2588	0.0
11	2589	0.0
11	2590	0.0
11	2591	0.0
11	2592	0.0
11	2593	0.0
11	2594	0.0
11	2595	0.0
11	2596	0.0
11	2597	1.0
11	2598	0.0
11	2599	1.0
11	2600	0.0
11	2601	0.0
11	2602	1.0
11	2603	0.0
11	2604	1.0
11	2605	0.0
11	2606	1.0
11	2607	0.0
11	2608	0.0
11	2609	1.0
11	2610	0.0
11	2611	1.0
11	2612	0.0
11	2613	1.0
11	2614	0.0
11	2615	1.0
11	2616	1.0
11	2617	1.0
11	2618	0.0
11	2619	0.0
