0	0	1	1.0
0	1	2	1.0
0	2	3	1.0
0	3	4	1.0
0	4	5	1.0
0	5	6	1.0
0	6	7	1.0
0	7	8	1.0
0	8	9	1.0
0	9	10	1.0
0	10	11	1.0
0	11	12	1.0
0	12	13	1.0
0	13	14	1.0
0	14	15	1.0
0	15	16	1.0
0	16	17	1.0
0	17	18	1.0
0	18	19	1.0
0	19	20	1.0
0	20	21	1.0
0	21	22	1.0
0	22	23	1.0
0	23	24	1.0
0	24	25	1.0
0	25	26	1.0
0	26	27	1.0
0	27	28	1.0
0	28	29	1.0
0	29	30	1.0
0	30	31	1.0
0	31	32	1.0
0	32	33	1.0
0	33	34	1.0
0	34	35	1.0
0	35	36	1.0
0	36	37	1.0
0	37	38	1.0
0	38	39	1.0
0	39	40	1.0
0	40	41	1.0
0	41	42	1.0
0	42	43	1.0
0	43	44	1.0
0	44	45	1.0
0	45	46	1.0
0	46	47	1.0
0	47	48	1.0
0	48	49	1.0
0	49	50	1.0
0	50	51	1.0
0	51	52	1.0
0	52	53	1.0
0	53	54	1.0
0	54	55	1.0
0	55	56	1.0
0	56	57	1.0
0	57	58	1.0
0	58	59	1.0
0	59	60	1.0
0	60	61	1.0
0	61	62	1.0
0	62	63	1.0
0	63	64	1.0
0	64	65	1.0
0	65	66	1.0
0	66	67	1.0
0	67	68	1.0
0	68	69	1.0
0	69	70	1.0
0	70	71	1.0
0	71	72	1.0
0	72	73	1.0
0	73	74	1.0
0	74	75	1.0
0	75	76	1.0
0	76	77	1.0
0	77	78	1.0
0	78	79	1.0
0	79	80	1.0
0	80	81	1.0
0	81	82	1.0
0	82	83	1.0
0	83	84	1.0
0	84	85	1.0
0	85	86	1.0
0	86	87	1.0
0	87	88	1.0
0	88	89	1.0
0	89	90	1.0
0	90	91	1.0
0	91	92	1.0
0	92	93	1.0
0	93	94	1.0
0	94	95	1.0
0	95	96	1.0
0	96	97	1.0
0	97	98	1.0
0	98	99	1.0
0	99	100	1.0
0	100	101	1.0
0	101	102	1.0
0	102	103	1.0
0	103	104	1.0
0	104	105	1.0
0	105	106	1.0
0	106	107	1.0
0	107	108	1.0
0	108	109	1.0
0	109	110	1.0
0	110	111	1.0
0	111	112	1.0
0	112	113	1.0
0	113	114	1.0
0	114	115	1.0
0	115	116	1.0
0	116	117	1.0
0	117	118	1.0
0	118	119	1.0
0	119	120	1.0
0	120	121	1.0
0	121	122	1.0
0	122	123	1.0
0	123	124	1.0
0	124	125	1.0
0	125	126	1.0
0	126	127	1.0
0	127	128	1.0
0	128	129	1.0
0	129	130	1.0
0	130	131	1.0
0	131	132	1.0
0	132	133	1.0
0	133	134	1.0
0	134	135	1.0
0	135	136	1.0
0	136	137	1.0
0	137	138	1.0
0	138	139	1.0
0	139	140	1.0
0	140	141	1.0
0	141	142	1.0
0	142	143	1.0
0	143	144	1.0
0	144	145	1.0
0	145	146	1.0
0	146	147	1.0
0	147	148	1.0
0	148	149	1.0
0	149	150	1.0
0	150	151	1.0
0	151	152	1.0
0	152	153	1.0
0	153	154	1.0
0	154	155	1.0
0	155	156	1.0
0	156	157	1.0
0	157	158	1.0
0	158	159	1.0
0	159	160	1.0
0	160	161	1.0
0	161	162	1.0
0	162	163	1.0
0	163	164	1.0
0	164	165	1.0
0	165	166	1.0
0	166	167	1.0
0	167	168	1.0
0	168	169	1.0
0	169	170	1.0
0	170	171	1.0
0	171	172	1.0
0	172	173	1.0
0	173	174	1.0
0	174	175	1.0
0	175	176	1.0
0	176	177	1.0
0	177	178	1.0
0	178	179	1.0
0	179	180	1.0
0	180	181	1.0
0	181	182	1.0
0	182	183	1.0
0	183	184	1.0
0	184	185	1.0
0	185	186	1.0
0	186	187	1.0
0	187	188	1.0
0	188	189	1.0
0	189	190	1.0
0	190	191	1.0
0	191	192	1.0
0	192	193	1.0
0	193	194	1.0
0	194	195	1.0
0	195	196	1.0
0	196	197	1.0
0	197	198	1.0
0	198	199	1.0
0	199	200	1.0
0	200	201	1.0
0	201	202	1.0
0	202	203	1.0
0	203	204	1.0
0	204	205	1.0
0	205	206	1.0
0	206	207	1.0
0	207	208	1.0
0	208	209	1.0
0	209	210	1.0
0	210	211	1.0
0	211	212	1.0
0	212	213	1.0
0	213	214	1.0
0	214	215	1.0
0	215	216	1.0
0	216	217	1.0
0	217	218	1.0
0	218	219	1.0
0	219	220	1.0
0	220	221	1.0
0	221	222	1.0
0	222	223	1.0
0	223	224	1.0
0	224	225	1.0
0	225	226	1.0
0	226	227	1.0
0	227	228	1.0
0	228	229	1.0
0	229	230	1.0
0	230	231	1.0
0	231	232	1.0
0	232	233	1.0
0	233	234	1.0
0	234	235	1.0
0	235	236	1.0
0	236	237	1.0
0	237	238	1.0
0	238	239	1.0
0	239	240	1.0
0	240	241	1.0
0	241	242	1.0
0	242	243	1.0
0	243	244	1.0
0	244	245	1.0
0	245	246	1.0
0	246	247	1.0
0	247	248	1.0
0	248	249	1.0
0	249	250	1.0
0	250	251	1.0
0	251	252	1.0
0	252	253	1.0
0	253	254	1.0
0	254	255	1.0
0	255	256	1.0
0	256	257	1.0
0	257	258	1.0
0	258	259	1.0
0	259	260	1.0
0	260	261	1.0
0	261	262	1.0
0	262	263	1.0
0	263	264	1.0
0	264	265	1.0
0	265	266	1.0
0	266	267	1.0
0	267	268	1.0
0	268	269	1.0
0	269	270	1.0
0	270	271	1.0
0	271	272	1.0
0	272	273	1.0
0	273	274	1.0
0	274	275	1.0
0	275	276	1.0
0	276	277	1.0
0	277	278	1.0
0	278	279	1.0
0	279	280	1.0
0	280	281	1.0
0	281	282	1.0
0	282	283	1.0
0	283	284	1.0
0	284	285	1.0
0	285	286	1.0
0	286	287	1.0
0	287	288	1.0
0	288	289	1.0
0	289	290	1.0
0	290	291	1.0
0	291	292	1.0
0	292	293	1.0
0	293	294	1.0
0	294	295	1.0
0	295	296	1.0
1	297	298	1.0
1	298	299	1.0
1	299	300	1.0
1	300	301	1.0
1	301	302	1.0
1	302	303	1.0
1	303	304	1.0
1	304	305	1.0
1	305	306	1.0
1	306	307	1.0
1	307	308	1.0
1	308	309	1.0
1	309	310	1.0
1	310	311	1.0
1	311	312	1.0
1	312	313	1.0
1	313	314	1.0
1	314	315	1.0
1	315	316	1.0
1	316	317	1.0
1	317	318	1.0
1	318	319	1.0
1	319	320	1.0
1	320	321	1.0
1	321	322	1.0
1	322	323	1.0
1	323	324	1.0
1	324	325	1.0
1	325	326	1.0
1	326	327	1.0
1	327	328	1.0
1	328	329	1.0
1	329	330	1.0
1	330	331	1.0
1	331	332	1.0
1	332	333	1.0
1	333	334	1.0
1	334	335	1.0
1	335	336	1.0
1	336	337	1.0
1	337	338	1.0
1	338	339	1.0
1	339	340	1.0
1	340	341	1.0
1	341	342	1.0
1	342	343	1.0
1	343	344	1.0
1	344	345	1.0
1	345	346	1.0
1	346	347	1.0
1	347	348	1.0
1	348	349	1.0
1	349	350	1.0
1	350	351	1.0
1	351	352	1.0
1	352	353	1.0
1	353	354	1.0
1	354	355	1.0
1	355	356	1.0
1	356	357	1.0
1	357	358	1.0
1	358	359	1.0
1	359	360	1.0
1	360	361	1.0
1	361	362	1.0
1	362	363	1.0
1	363	364	1.0
1	364	365	1.0
1	365	366	1.0
1	366	367	1.0
1	367	368	1.0
1	368	369	1.0
1	369	370	1.0
1	370	371	1.0
1	371	372	1.0
1	372	373	1.0
1	373	374	1.0
1	374	375	1.0
1	375	376	1.0
1	376	377	1.0
1	377	378	1.0
1	378	379	1.0
1	379	380	1.0
1	380	381	1.0
1	381	382	1.0
1	382	383	1.0
1	383	384	1.0
1	384	385	1.0
1	385	386	1.0
1	386	387	1.0
1	387	388	1.0
1	388	389	1.0
1	389	390	1.0
1	390	391	1.0
1	391	392	1.0
1	392	393	1.0
1	393	394	1.0
1	394	395	1.0
1	395	396	1.0
1	396	397	1.0
1	397	398	1.0
1	398	399	1.0
1	399	400	1.0
1	400	401	1.0
1	401	402	1.0
1	402	403	1.0
1	403	404	1.0
1	404	405	1.0
1	405	406	1.0
1	406	407	1.0
1	407	408	1.0
1	408	409	1.0
1	409	410	1.0
1	410	411	1.0
1	411	412	1.0
1	412	413	1.0
1	413	414	1.0
1	414	415	1.0
1	415	416	1.0
1	416	417	1.0
1	417	418	1.0
1	418	419	1.0
1	419	420	1.0
1	420	421	1.0
1	421	422	1.0
1	422	423	1.0
1	423	424	1.0
1	424	425	1.0
1	425	426	1.0
1	426	427	1.0
1	427	428	1.0
1	428	429	1.0
1	429	430	1.0
1	430	431	1.0
1	431	432	1.0
1	432	433	1.0
1	433	434	1.0
1	434	435	1.0
1	435	436	1.0
1	436	437	1.0
1	437	438	1.0
1	438	439	1.0
1	439	440	1.0
1	440	441	1.0
1	441	442	1.0
1	442	443	1.0
1	443	444	1.0
1	444	445	1.0
1	445	446	1.0
1	446	447	1.0
1	447	448	1.0
1	448	449	1.0
1	449	450	1.0
1	450	451	1.0
1	451	452	1.0
1	452	453	1.0
1	453	454	1.0
1	454	455	1.0
1	455	456	1.0
1	456	457	1.0
2	458	459	1.0
2	459	460	1.0
2	460	461	1.0
2	461	462	1.0
2	462	463	1.0
2	463	464	1.0
2	464	465	1.0
2	465	466	1.0
2	466	467	1.0
2	467	468	1.0
2	468	469	1.0
2	469	470	1.0
2	470	471	1.0
2	471	472	1.0
2	472	473	1.0
2	473	474	1.0
2	474	475	1.0
2	475	476	1.0
2	476	477	1.0
2	477	478	1.0
2	478	479	1.0
2	479	480	1.0
2	480	481	1.0
2	481	482	1.0
2	482	483	1.0
2	483	484	1.0
2	484	485	1.0
2	485	486	1.0
2	486	487	1.0
2	487	488	1.0
2	488	489	1.0
2	489	490	1.0
2	490	491	1.0
2	491	492	1.0
2	492	493	1.0
2	493	494	1.0
2	494	495	1.0
2	495	496	1.0
2	496	497	1.0
2	497	498	1.0
2	498	499	1.0
2	499	500	1.0
2	500	501	1.0
2	501	502	1.0
2	502	503	1.0
2	503	504	1.0
2	504	505	1.0
2	505	506	1.0
2	506	507	1.0
2	507	508	1.0
2	508	509	1.0
2	509	510	1.0
2	510	511	1.0
2	511	512	1.0
2	512	513	1.0
2	513	514	1.0
2	514	515	1.0
2	515	516	1.0
2	516	517	1.0
2	517	518	1.0
2	518	519	1.0
2	519	520	1.0
2	520	521	1.0
2	521	522	1.0
2	522	523	1.0
2	523	524	1.0
2	524	525	1.0
2	525	526	1.0
2	526	527	1.0
2	527	528	1.0
2	528	529	1.0
2	529	530	1.0
2	530	531	1.0
2	531	532	1.0
2	532	533	1.0
2	533	534	1.0
2	534	535	1.0
2	535	536	1.0
2	536	537	1.0
2	537	538	1.0
2	538	539	1.0
2	539	540	1.0
2	540	541	1.0
2	541	542	1.0
2	542	543	1.0
2	543	544	1.0
2	544	545	1.0
2	545	546	1.0
2	546	547	1.0
2	547	548	1.0
2	548	549	1.0
2	549	550	1.0
2	550	551	1.0
2	551	552	1.0
2	552	553	1.0
2	553	554	1.0
2	554	555	1.0
2	555	556	1.0
2	556	557	1.0
2	557	558	1.0
2	558	559	1.0
2	559	560	1.0
2	560	561	1.0
2	561	562	1.0
2	562	563	1.0
2	563	564	1.0
2	564	565	1.0
2	565	566	1.0
2	566	567	1.0
2	567	568	1.0
2	568	569	1.0
2	569	570	1.0
2	570	571	1.0
2	571	572	1.0
2	572	573	1.0
2	573	574	1.0
2	574	575	1.0
2	575	576	1.0
2	576	577	1.0
2	577	578	1.0
2	578	579	1.0
2	579	580	1.0
2	580	581	1.0
2	581	582	1.0
2	582	583	1.0
2	583	584	1.0
2	584	585	1.0
2	585	586	1.0
2	586	587	1.0
2	587	588	1.0
2	588	589	1.0
2	589	590	1.0
2	590	591	1.0
2	591	592	1.0
2	592	593	1.0
2	593	594	1.0
2	594	595	1.0
2	595	596	1.0
2	596	597	1.0
2	597	598	1.0
2	598	599	1.0
2	599	600	1.0
2	600	601	1.0
2	601	602	1.0
2	602	603	1.0
2	603	604	1.0
2	604	605	1.0
2	605	606	1.0
2	606	607	1.0
2	607	608	1.0
2	608	609	1.0
3	610	611	1.0
3	611	612	1.0
3	612	613	1.0
3	613	614	1.0
3	614	615	1.0
3	615	616	1.0
3	616	617	1.0
3	617	618	1.0
3	618	619	1.0
3	619	620	1.0
3	620	621	1.0
3	621	622	1.0
3	622	623	1.0
3	623	624	1.0
3	624	625	1.0
3	625	626	1.0
3	626	627	1.0
3	627	628	1.0
3	628	629	1.0
3	629	630	1.0
3	630	631	1.0
3	631	632	1.0
3	632	633	1.0
3	633	634	1.0
3	634	635	1.0
3	635	636	1.0
3	636	637	1.0
3	637	638	1.0
3	638	639	1.0
3	639	640	1.0
3	640	641	1.0
3	641	642	1.0
3	642	643	1.0
3	643	644	1.0
3	644	645	1.0
3	645	646	1.0
3	646	647	1.0
3	647	648	1.0
3	648	649	1.0
3	649	650	1.0
3	650	651	1.0
3	651	652	1.0
3	652	653	1.0
3	653	654	1.0
3	654	655	1.0
3	655	656	1.0
3	656	657	1.0
3	657	658	1.0
3	658	659	1.0
3	659	660	1.0
3	660	661	1.0
3	661	662	1.0
3	662	663	1.0
3	663	664	1.0
3	664	665	1.0
3	665	666	1.0
3	666	667	1.0
3	667	668	1.0
3	668	669	1.0
3	669	670	1.0
3	670	671	1.0
3	671	672	1.0
3	672	673	1.0
3	673	674	1.0
3	674	675	1.0
3	675	676	1.0
3	676	677	1.0
3	677	678	1.0
3	678	679	1.0
3	679	680	1.0
3	680	681	1.0
3	681	682	1.0
3	682	683	1.0
3	683	684	1.0
3	684	685	1.0
3	685	686	1.0
3	686	687	1.0
3	687	688	1.0
3	688	689	1.0
3	689	690	1.0
3	690	691	1.0
3	691	692	1.0
3	692	693	1.0
3	693	694	1.0
3	694	695	1.0
3	695	696	1.0
3	696	697	1.0
3	697	698	1.0
3	698	699	1.0
3	699	700	1.0
3	700	701	1.0
3	701	702	1.0
3	702	703	1.0
3	703	704	1.0
3	704	705	1.0
3	705	706	1.0
3	706	707	1.0
3	707	708	1.0
3	708	709	1.0
3	709	710	1.0
3	710	711	1.0
3	711	712	1.0
3	712	713	1.0
3	713	714	1.0
3	714	715	1.0
3	715	716	1.0
3	716	717	1.0
3	717	718	1.0
3	718	719	1.0
3	719	720	1.0
3	720	721	1.0
3	721	722	1.0
3	722	723	1.0
3	723	724	1.0
3	724	725	1.0
3	725	726	1.0
3	726	727	1.0
3	727	728	1.0
3	728	729	1.0
3	729	730	1.0
3	730	731	1.0
3	731	732	1.0
3	732	733	1.0
3	733	734	1.0
3	734	735	1.0
3	735	736	1.0
3	736	737	1.0
3	737	738	1.0
3	738	739	1.0
3	739	740	1.0
3	740	741	1.0
3	741	742	1.0
3	742	743	1.0
4	744	745	1.0
4	745	746	1.0
4	746	747	1.0
4	747	748	1.0
4	748	749	1.0
4	749	750	1.0
4	750	751	1.0
4	751	752	1.0
4	752	753	1.0
4	753	754	1.0
4	754	755	1.0
4	755	756	1.0
4	756	757	1.0
4	757	758	1.0
4	758	759	1.0
4	759	760	1.0
4	760	761	1.0
4	761	762	1.0
4	762	763	1.0
4	763	764	1.0
4	764	765	1.0
4	765	766	1.0
4	766	767	1.0
4	767	768	1.0
4	768	769	1.0
4	769	770	1.0
4	770	771	1.0
4	771	772	1.0
4	772	773	1.0
4	773	774	1.0
4	774	775	1.0
4	775	776	1.0
4	776	777	1.0
4	777	778	1.0
4	778	779	1.0
4	779	780	1.0
4	780	781	1.0
4	781	782	1.0
4	782	783	1.0
4	783	784	1.0
4	784	785	1.0
4	785	786	1.0
4	786	787	1.0
4	787	788	1.0
4	788	789	1.0
4	789	790	1.0
4	790	791	1.0
4	791	792	1.0
4	792	793	1.0
4	793	794	1.0
4	794	795	1.0
4	795	796	1.0
4	796	797	1.0
4	797	798	1.0
4	798	799	1.0
4	799	800	1.0
4	800	801	1.0
4	801	802	1.0
4	802	803	1.0
4	803	804	1.0
4	804	805	1.0
4	805	806	1.0
4	806	807	1.0
4	807	808	1.0
4	808	809	1.0
4	809	810	1.0
4	810	811	1.0
4	811	812	1.0
4	812	813	1.0
4	813	814	1.0
4	814	815	1.0
4	815	816	1.0
4	816	817	1.0
4	817	818	1.0
4	818	819	1.0
4	819	820	1.0
4	820	821	1.0
4	821	822	1.0
4	822	823	1.0
4	823	824	1.0
4	824	825	1.0
4	825	826	1.0
4	826	827	1.0
4	827	828	1.0
4	828	829	1.0
4	829	830	1.0
4	830	831	1.0
4	831	832	1.0
4	832	833	1.0
4	833	834	1.0
4	834	835	1.0
4	835	836	1.0
4	836	837	1.0
4	837	838	1.0
4	838	839	1.0
4	839	840	1.0
4	840	841	1.0
4	841	842	1.0
4	842	843	1.0
4	843	844	1.0
4	844	845	1.0
4	845	846	1.0
4	846	847	1.0
4	847	848	1.0
4	848	849	1.0
4	849	850	1.0
4	850	851	1.0
4	851	852	1.0
4	852	853	1.0
4	853	854	1.0
4	854	855	1.0
4	855	856	1.0
4	856	857	1.0
4	857	858	1.0
4	858	859	1.0
4	859	860	1.0
4	860	861	1.0
4	861	862	1.0
4	862	863	1.0
4	863	864	1.0
4	864	865	1.0
4	865	866	1.0
4	866	867	1.0
4	867	868	1.0
4	868	869	1.0
4	869	870	1.0
4	870	871	1.0
4	871	872	1.0
4	872	873	1.0
4	873	874	1.0
4	874	875	1.0
4	875	876	1.0
4	876	877	1.0
4	877	878	1.0
5	879	880	1.0
5	880	881	1.0
5	881	882	1.0
5	882	883	1.0
5	883	884	1.0
5	884	885	1.0
5	885	886	1.0
5	886	887	1.0
5	887	888	1.0
5	888	889	1.0
5	889	890	1.0
5	890	891	1.0
5	891	892	1.0
5	892	893	1.0
5	893	894	1.0
5	894	895	1.0
5	895	896	1.0
5	896	897	1.0
5	897	898	1.0
5	898	899	1.0
5	899	900	1.0
5	900	901	1.0
5	901	902	1.0
5	902	903	1.0
5	903	904	1.0
5	904	905	1.0
5	905	906	1.0
5	906	907	1.0
5	907	908	1.0
5	908	909	1.0
5	909	910	1.0
5	910	911	1.0
5	911	912	1.0
5	912	913	1.0
5	913	914	1.0
5	914	915	1.0
5	915	916	1.0
5	916	917	1.0
5	917	918	1.0
5	918	919	1.0
5	919	920	1.0
5	920	921	1.0
5	921	922	1.0
5	922	923	1.0
5	923	924	1.0
5	924	925	1.0
5	925	926	1.0
5	926	927	1.0
5	927	928	1.0
5	928	929	1.0
5	929	930	1.0
5	930	931	1.0
5	931	932	1.0
5	932	933	1.0
5	933	934	1.0
5	934	935	1.0
5	935	936	1.0
5	936	937	1.0
5	937	938	1.0
5	938	939	1.0
5	939	940	1.0
5	940	941	1.0
5	941	942	1.0
5	942	943	1.0
5	943	944	1.0
5	944	945	1.0
5	945	946	1.0
5	946	947	1.0
5	947	948	1.0
5	948	949	1.0
5	949	950	1.0
5	950	951	1.0
5	951	952	1.0
5	952	953	1.0
5	953	954	1.0
5	954	955	1.0
5	955	956	1.0
5	956	957	1.0
5	957	958	1.0
5	958	959	1.0
5	959	960	1.0
5	960	961	1.0
5	961	962	1.0
5	962	963	1.0
5	963	964	1.0
5	964	965	1.0
5	965	966	1.0
5	966	967	1.0
5	967	968	1.0
5	968	969	1.0
5	969	970	1.0
5	970	971	1.0
5	971	972	1.0
5	972	973	1.0
5	973	974	1.0
5	974	975	1.0
5	975	976	1.0
5	976	977	1.0
5	977	978	1.0
5	978	979	1.0
5	979	980	1.0
5	980	981	1.0
5	981	982	1.0
5	982	983	1.0
5	983	984	1.0
5	984	985	1.0
5	985	986	1.0
5	986	987	1.0
5	987	988	1.0
5	988	989	1.0
5	989	990	1.0
5	990	991	1.0
5	991	992	1.0
5	992	993	1.0
5	993	994	1.0
5	994	995	1.0
5	995	996	1.0
5	996	997	1.0
5	997	998	1.0
5	998	999	1.0
5	999	1000	1.0
5	1000	1001	1.0
5	1001	1002	1.0
5	1002	1003	1.0
5	1003	1004	1.0
5	1004	1005	1.0
5	1005	1006	1.0
5	1006	1007	1.0
5	1007	1008	1.0
5	1008	1009	1.0
5	1009	1010	1.0
5	1010	1011	1.0
5	1011	1012	1.0
5	1012	1013	1.0
5	1013	1014	1.0
5	1014	1015	1.0
5	1015	1016	1.0
5	1016	1017	1.0
5	1017	1018	1.0
5	1018	1019	1.0
5	1019	1020	1.0
5	1020	1021	1.0
5	1021	1022	1.0
5	1022	1023	1.0
5	1023	1024	1.0
5	1024	1025	1.0
5	1025	1026	1.0
5	1026	1027	1.0
5	1027	1028	1.0
5	1028	1029	1.0
5	1029	1030	1.0
5	1030	1031	1.0
5	1031	1032	1.0
5	1032	1033	1.0
5	1033	1034	1.0
5	1034	1035	1.0
5	1035	1036	1.0
5	1036	1037	1.0
5	1037	1038	1.0
5	1038	1039	1.0
5	1039	1040	1.0
5	1040	1041	1.0
5	1041	1042	1.0
5	1042	1043	1.0
5	1043	1044	1.0
5	1044	1045	1.0
5	1045	1046	1.0
5	1046	1047	1.0
5	1047	1048	1.0
5	1048	1049	1.0
5	1049	1050	1.0
5	1050	1051	1.0
5	1051	1052	1.0
5	1052	1053	1.0
5	1053	1054	1.0
5	1054	1055	1.0
5	1055	1056	1.0
5	1056	1057	1.0
5	1057	1058	1.0
5	1058	1059	1.0
5	1059	1060	1.0
5	1060	1061	1.0
5	1061	1062	1.0
5	1062	1063	1.0
5	1063	1064	1.0
5	1064	1065	1.0
5	1065	1066	1.0
5	1066	1067	1.0
5	1067	1068	1.0
5	1068	1069	1.0
5	1069	1070	1.0
5	1070	1071	1.0
5	1071	1072	1.0
5	1072	1073	1.0
5	1073	1074	1.0
5	1074	1075	1.0
5	1075	1076	1.0
5	1076	1077	1.0
5	1077	1078	1.0
5	1078	1079	1.0
5	1079	1080	1.0
5	1080	1081	1.0
5	1081	1082	1.0
5	1082	1083	1.0
5	1083	1084	1.0
5	1084	1085	1.0
5	1085	1086	1.0
5	1086	1087	1.0
5	1087	1088	1.0
5	1088	1089	1.0
5	1089	1090	1.0
5	1090	1091	1.0
5	1091	1092	1.0
5	1092	1093	1.0
5	1093	1094	1.0
5	1094	1095	1.0
5	1095	1096	1.0
5	1096	1097	1.0
5	1097	1098	1.0
5	1098	1099	1.0
5	1099	1100	1.0
5	1100	1101	1.0
5	1101	1102	1.0
5	1102	1103	1.0
5	1103	1104	1.0
5	1104	1105	1.0
5	1105	1106	1.0
5	1106	1107	1.0
5	1107	1108	1.0
5	1108	1109	1.0
5	1109	1110	1.0
5	1110	1111	1.0
5	1111	1112	1.0
6	1113	1114	1.0
6	1114	1115	1.0
6	1115	1116	1.0
6	1116	1117	1.0
6	1117	1118	1.0
6	1118	1119	1.0
6	1119	1120	1.0
6	1120	1121	1.0
6	1121	1122	1.0
6	1122	1123	1.0
6	1123	1124	1.0
6	1124	1125	1.0
6	1125	1126	1.0
6	1126	1127	1.0
6	1127	1128	1.0
6	1128	1129	1.0
6	1129	1130	1.0
6	1130	1131	1.0
6	1131	1132	1.0
6	1132	1133	1.0
6	1133	1134	1.0
6	1134	1135	1.0
6	1135	1136	1.0
6	1136	1137	1.0
6	1137	1138	1.0
6	1138	1139	1.0
6	1139	1140	1.0
6	1140	1141	1.0
6	1141	1142	1.0
6	1142	1143	1.0
6	1143	1144	1.0
6	1144	1145	1.0
6	1145	1146	1.0
6	1146	1147	1.0
6	1147	1148	1.0
6	1148	1149	1.0
6	1149	1150	1.0
6	1150	1151	1.0
6	1151	1152	1.0
6	1152	1153	1.0
6	1153	1154	1.0
6	1154	1155	1.0
6	1155	1156	1.0
6	1156	1157	1.0
6	1157	1158	1.0
6	1158	1159	1.0
6	1159	1160	1.0
6	1160	1161	1.0
6	1161	1162	1.0
6	1162	1163	1.0
6	1163	1164	1.0
6	1164	1165	1.0
6	1165	1166	1.0
6	1166	1167	1.0
6	1167	1168	1.0
6	1168	1169	1.0
6	1169	1170	1.0
6	1170	1171	1.0
6	1171	1172	1.0
6	1172	1173	1.0
6	1173	1174	1.0
6	1174	1175	1.0
6	1175	1176	1.0
6	1176	1177	1.0
6	1177	1178	1.0
6	1178	1179	1.0
6	1179	1180	1.0
6	1180	1181	1.0
6	1181	1182	1.0
6	1182	1183	1.0
6	1183	1184	1.0
6	1184	1185	1.0
6	1185	1186	1.0
6	1186	1187	1.0
6	1187	1188	1.0
6	1188	1189	1.0
6	1189	1190	1.0
6	1190	1191	1.0
6	1191	1192	1.0
6	1192	1193	1.0
6	1193	1194	1.0
6	1194	1195	1.0
6	1195	1196	1.0
6	1196	1197	1.0
6	1197	1198	1.0
6	1198	1199	1.0
6	1199	1200	1.0
6	1200	1201	1.0
6	1201	1202	1.0
6	1202	1203	1.0
6	1203	1204	1.0
6	1204	1205	1.0
6	1205	1206	1.0
6	1206	1207	1.0
6	1207	1208	1.0
7	1209	1210	1.0
7	1210	1211	1.0
7	1211	1212	1.0
7	1212	1213	1.0
7	1213	1214	1.0
7	1214	1215	1.0
7	1215	1216	1.0
7	1216	1217	1.0
7	1217	1218	1.0
7	1218	1219	1.0
7	1219	1220	1.0
7	1220	1221	1.0
7	1221	1222	1.0
7	1222	1223	1.0
7	1223	1224	1.0
7	1224	1225	1.0
7	1225	1226	1.0
7	1226	1227	1.0
7	1227	1228	1.0
7	1228	1229	1.0
7	1229	1230	1.0
7	1230	1231	1.0
7	1231	1232	1.0
7	1232	1233	1.0
7	1233	1234	1.0
7	1234	1235	1.0
7	1235	1236	1.0
7	1236	1237	1.0
7	1237	1238	1.0
7	1238	1239	1.0
7	1239	1240	1.0
7	1240	1241	1.0
7	1241	1242	1.0
7	1242	1243	1.0
7	1243	1244	1.0
7	1244	1245	1.0
7	1245	1246	1.0
7	1246	1247	1.0
7	1247	1248	1.0
7	1248	1249	1.0
7	1249	1250	1.0
7	1250	1251	1.0
7	1251	1252	1.0
7	1252	1253	1.0
7	1253	1254	1.0
7	1254	1255	1.0
7	1255	1256	1.0
7	1256	1257	1.0
7	1257	1258	1.0
7	1258	1259	1.0
7	1259	1260	1.0
7	1260	1261	1.0
7	1261	1262	1.0
7	1262	1263	1.0
7	1263	1264	1.0
7	1264	1265	1.0
7	1265	1266	1.0
7	1266	1267	1.0
7	1267	1268	1.0
7	1268	1269	1.0
7	1269	1270	1.0
7	1270	1271	1.0
7	1271	1272	1.0
7	1272	1273	1.0
7	1273	1274	1.0
7	1274	1275	1.0
7	1275	1276	1.0
7	1276	1277	1.0
7	1277	1278	1.0
7	1278	1279	1.0
7	1279	1280	1.0
7	1280	1281	1.0
7	1281	1282	1.0
7	1282	1283	1.0
7	1283	1284	1.0
7	1284	1285	1.0
7	1285	1286	1.0
7	1286	1287	1.0
7	1287	1288	1.0
7	1288	1289	1.0
7	1289	1290	1.0
7	1290	1291	1.0
7	1291	1292	1.0
7	1292	1293	1.0
7	1293	1294	1.0
7	1294	1295	1.0
7	1295	1296	1.0
7	1296	1297	1.0
7	1297	1298	1.0
7	1298	1299	1.0
7	1299	1300	1.0
7	1300	1301	1.0
7	1301	1302	1.0
7	1302	1303	1.0
7	1303	1304	1.0
7	1304	1305	1.0
7	1305	1306	1.0
7	1306	1307	1.0
7	1307	1308	1.0
7	1308	1309	1.0
7	1309	1310	1.0
7	1310	1311	1.0
7	1311	1312	1.0
7	1312	1313	1.0
7	1313	1314	1.0
7	1314	1315	1.0
7	1315	1316	1.0
8	1317	1318	1.0
8	1318	1319	1.0
8	1319	1320	1.0
8	1320	1321	1.0
8	1321	1322	1.0
8	1322	1323	1.0
8	1323	1324	1.0
8	1324	1325	1.0
8	1325	1326	1.0
8	1326	1327	1.0
8	1327	1328	1.0
8	1328	1329	1.0
8	1329	1330	1.0
8	1330	1331	1.0
8	1331	1332	1.0
8	1332	1333	1.0
8	1333	1334	1.0
8	1334	1335	1.0
8	1335	1336	1.0
8	1336	1337	1.0
8	1337	1338	1.0
8	1338	1339	1.0
8	1339	1340	1.0
8	1340	1341	1.0
8	1341	1342	1.0
8	1342	1343	1.0
8	1343	1344	1.0
8	1344	1345	1.0
8	1345	1346	1.0
8	1346	1347	1.0
8	1347	1348	1.0
8	1348	1349	1.0
8	1349	1350	1.0
8	1350	1351	1.0
8	1351	1352	1.0
8	1352	1353	1.0
8	1353	1354	1.0
8	1354	1355	1.0
8	1355	1356	1.0
8	1356	1357	1.0
8	1357	1358	1.0
8	1358	1359	1.0
8	1359	1360	1.0
8	1360	1361	1.0
8	1361	1362	1.0
8	1362	1363	1.0
8	1363	1364	1.0
8	1364	1365	1.0
8	1365	1366	1.0
8	1366	1367	1.0
8	1367	1368	1.0
8	1368	1369	1.0
8	1369	1370	1.0
8	1370	1371	1.0
8	1371	1372	1.0
8	1372	1373	1.0
8	1373	1374	1.0
8	1374	1375	1.0
8	1375	1376	1.0
8	1376	1377	1.0
8	1377	1378	1.0
8	1378	1379	1.0
8	1379	1380	1.0
8	1380	1381	1.0
8	1381	1382	1.0
8	1382	1383	1.0
8	1383	1384	1.0
8	1384	1385	1.0
8	1385	1386	1.0
8	1386	1387	1.0
8	1387	1388	1.0
8	1388	1389	1.0
8	1389	1390	1.0
8	1390	1391	1.0
8	1391	1392	1.0
8	1392	1393	1.0
8	1393	1394	1.0
8	1394	1395	1.0
8	1395	1396	1.0
8	1396	1397	1.0
8	1397	1398	1.0
8	1398	1399	1.0
8	1399	1400	1.0
8	1400	1401	1.0
8	1401	1402	1.0
8	1402	1403	1.0
8	1403	1404	1.0
8	1404	1405	1.0
8	1405	1406	1.0
8	1406	1407	1.0
8	1407	1408	1.0
8	1408	1409	1.0
8	1409	1410	1.0
8	1410	1411	1.0
8	1411	1412	1.0
8	1412	1413	1.0
8	1413	1414	1.0
8	1414	1415	1.0
8	1415	1416	1.0
8	1416	1417	1.0
8	1417	1418	1.0
8	1418	1419	1.0
8	1419	1420	1.0
8	1420	1421	1.0
8	1421	1422	1.0
8	1422	1423	1.0
8	1423	1424	1.0
8	1424	1425	1.0
8	1425	1426	1.0
8	1426	1427	1.0
8	1427	1428	1.0
8	1428	1429	1.0
8	1429	1430	1.0
8	1430	1431	1.0
8	1431	1432	1.0
8	1432	1433	1.0
8	1433	1434	1.0
8	1434	1435	1.0
8	1435	1436	1.0
8	1436	1437	1.0
8	1437	1438	1.0
8	1438	1439	1.0
8	1439	1440	1.0
8	1440	1441	1.0
8	1441	1442	1.0
8	1442	1443	1.0
8	1443	1444	1.0
8	1444	1445	1.0
8	1445	1446	1.0
8	1446	1447	1.0
8	1447	1448	1.0
8	1448	1449	1.0
8	1449	1450	1.0
8	1450	1451	1.0
8	1451	1452	1.0
8	1452	1453	1.0
8	1453	1454	1.0
8	1454	1455	1.0
8	1455	1456	1.0
8	1456	1457	1.0
8	1457	1458	1.0
8	1458	1459	1.0
8	1459	1460	1.0
8	1460	1461	1.0
8	1461	1462	1.0
8	1462	1463	1.0
8	1463	1464	1.0
8	1464	1465	1.0
8	1465	1466	1.0
8	1466	1467	1.0
8	1467	1468	1.0
8	1468	1469	1.0
8	1469	1470	1.0
8	1470	1471	1.0
8	1471	1472	1.0
8	1472	1473	1.0
8	1473	1474	1.0
8	1474	1475	1.0
8	1475	1476	1.0
8	1476	1477	1.0
8	1477	1478	1.0
8	1478	1479	1.0
8	1479	1480	1.0
8	1480	1481	1.0
8	1481	1482	1.0
8	1482	1483	1.0
8	1483	1484	1.0
8	1484	1485	1.0
8	1485	1486	1.0
8	1486	1487	1.0
8	1487	1488	1.0
8	1488	1489	1.0
8	1489	1490	1.0
8	1490	1491	1.0
8	1491	1492	1.0
8	1492	1493	1.0
8	1493	1494	1.0
8	1494	1495	1.0
8	1495	1496	1.0
8	1496	1497	1.0
8	1497	1498	1.0
8	1498	1499	1.0
8	1499	1500	1.0
8	1500	1501	1.0
8	1501	1502	1.0
8	1502	1503	1.0
8	1503	1504	1.0
8	1504	1505	1.0
8	1505	1506	1.0
8	1506	1507	1.0
8	1507	1508	1.0
8	1508	1509	1.0
8	1509	1510	1.0
8	1510	1511	1.0
8	1511	1512	1.0
8	1512	1513	1.0
8	1513	1514	1.0
8	1514	1515	1.0
8	1515	1516	1.0
8	1516	1517	1.0
8	1517	1518	1.0
8	1518	1519	1.0
8	1519	1520	1.0
8	1520	1521	1.0
8	1521	1522	1.0
8	1522	1523	1.0
8	1523	1524	1.0
8	1524	1525	1.0
8	1525	1526	1.0
8	1526	1527	1.0
8	1527	1528	1.0
8	1528	1529	1.0
8	1529	1530	1.0
8	1530	1531	1.0
8	1531	1532	1.0
8	1532	1533	1.0
8	1533	1534	1.0
8	1534	1535	1.0
8	1535	1536	1.0
8	1536	1537	1.0
8	1537	1538	1.0
8	1538	1539	1.0
8	1539	1540	1.0
8	1540	1541	1.0
8	1541	1542	1.0
8	1542	1543	1.0
8	1543	1544	1.0
8	1544	1545	1.0
8	1545	1546	1.0
8	1546	1547	1.0
8	1547	1548	1.0
8	1548	1549	1.0
8	1549	1550	1.0
8	1550	1551	1.0
8	1551	1552	1.0
8	1552	1553	1.0
8	1553	1554	1.0
8	1554	1555	1.0
8	1555	1556	1.0
8	1556	1557	1.0
8	1557	1558	1.0
8	1558	1559	1.0
8	1559	1560	1.0
8	1560	1561	1.0
8	1561	1562	1.0
8	1562	1563	1.0
8	1563	1564	1.0
8	1564	1565	1.0
8	1565	1566	1.0
8	1566	1567	1.0
8	1567	1568	1.0
8	1568	1569	1.0
8	1569	1570	1.0
8	1570	1571	1.0
8	1571	1572	1.0
8	1572	1573	1.0
8	1573	1574	1.0
8	1574	1575	1.0
8	1575	1576	1.0
8	1576	1577	1.0
8	1577	1578	1.0
8	1578	1579	1.0
8	1579	1580	1.0
8	1580	1581	1.0
8	1581	1582	1.0
8	1582	1583	1.0
8	1583	1584	1.0
8	1584	1585	1.0
8	1585	1586	1.0
8	1586	1587	1.0
8	1587	1588	1.0
8	1588	1589	1.0
8	1589	1590	1.0
8	1590	1591	1.0
8	1591	1592	1.0
8	1592	1593	1.0
9	1594	1595	1.0
9	1595	1596	1.0
9	1596	1597	1.0
9	1597	1598	1.0
9	1598	1599	1.0
9	1599	1600	1.0
9	1600	1601	1.0
9	1601	1602	1.0
9	1602	1603	1.0
9	1603	1604	1.0
9	1604	1605	1.0
9	1605	1606	1.0
9	1606	1607	1.0
9	1607	1608	1.0
9	1608	1609	1.0
9	1609	1610	1.0
9	1610	1611	1.0
9	1611	1612	1.0
9	1612	1613	1.0
9	1613	1614	1.0
9	1614	1615	1.0
9	1615	1616	1.0
9	1616	1617	1.0
9	1617	1618	1.0
9	1618	1619	1.0
9	1619	1620	1.0
9	1620	1621	1.0
9	1621	1622	1.0
9	1622	1623	1.0
9	1623	1624	1.0
9	1624	1625	1.0
9	1625	1626	1.0
9	1626	1627	1.0
9	1627	1628	1.0
9	1628	1629	1.0
9	1629	1630	1.0
9	1630	1631	1.0
9	1631	1632	1.0
9	1632	1633	1.0
9	1633	1634	1.0
9	1634	1635	1.0
9	1635	1636	1.0
9	1636	1637	1.0
9	1637	1638	1.0
9	1638	1639	1.0
9	1639	1640	1.0
9	1640	1641	1.0
9	1641	1642	1.0
9	1642	1643	1.0
9	1643	1644	1.0
9	1644	1645	1.0
9	1645	1646	1.0
9	1646	1647	1.0
9	1647	1648	1.0
9	1648	1649	1.0
9	1649	1650	1.0
9	1650	1651	1.0
9	1651	1652	1.0
9	1652	1653	1.0
9	1653	1654	1.0
9	1654	1655	1.0
9	1655	1656	1.0
9	1656	1657	1.0
9	1657	1658	1.0
9	1658	1659	1.0
9	1659	1660	1.0
9	1660	1661	1.0
9	1661	1662	1.0
9	1662	1663	1.0
9	1663	1664	1.0
9	1664	1665	1.0
9	1665	1666	1.0
9	1666	1667	1.0
9	1667	1668	1.0
9	1668	1669	1.0
9	1669	1670	1.0
9	1670	1671	1.0
9	1671	1672	1.0
9	1672	1673	1.0
9	1673	1674	1.0
9	1674	1675	1.0
9	1675	1676	1.0
9	1676	1677	1.0
9	1677	1678	1.0
9	1678	1679	1.0
9	1679	1680	1.0
9	1680	1681	1.0
9	1681	1682	1.0
9	1682	1683	1.0
9	1683	1684	1.0
9	1684	1685	1.0
9	1685	1686	1.0
9	1686	1687	1.0
9	1687	1688	1.0
9	1688	1689	1.0
9	1689	1690	1.0
9	1690	1691	1.0
9	1691	1692	1.0
9	1692	1693	1.0
9	1693	1694	1.0
9	1694	1695	1.0
9	1695	1696	1.0
9	1696	1697	1.0
9	1697	1698	1.0
9	1698	1699	1.0
9	1699	1700	1.0
9	1700	1701	1.0
9	1701	1702	1.0
9	1702	1703	1.0
9	1703	1704	1.0
9	1704	1705	1.0
9	1705	1706	1.0
9	1706	1707	1.0
9	1707	1708	1.0
9	1708	1709	1.0
9	1709	1710	1.0
9	1710	1711	1.0
9	1711	1712	1.0
9	1712	1713	1.0
9	1713	1714	1.0
9	1714	1715	1.0
9	1715	1716	1.0
9	1716	1717	1.0
9	1717	1718	1.0
9	1718	1719	1.0
9	1719	1720	1.0
9	1720	1721	1.0
9	1721	1722	1.0
9	1722	1723	1.0
9	1723	1724	1.0
9	1724	1725	1.0
9	1725	1726	1.0
9	1726	1727	1.0
9	1727	1728	1.0
9	1728	1729	1.0
9	1729	1730	1.0
9	1730	1731	1.0
9	1731	1732	1.0
9	1732	1733	1.0
9	1733	1734	1.0
9	1734	1735	1.0
9	1735	1736	1.0
9	1736	1737	1.0
9	1737	1738	1.0
9	1738	1739	1.0
9	1739	1740	1.0
9	1740	1741	1.0
9	1741	1742	1.0
9	1742	1743	1.0
9	1743	1744	1.0
9	1744	1745	1.0
9	1745	1746	1.0
9	1746	1747	1.0
9	1747	1748	1.0
9	1748	1749	1.0
9	1749	1750	1.0
9	1750	1751	1.0
9	1751	1752	1.0
9	1752	1753	1.0
9	1753	1754	1.0
9	1754	1755	1.0
9	1755	1756	1.0
9	1756	1757	1.0
9	1757	1758	1.0
9	1758	1759	1.0
9	1759	1760	1.0
9	1760	1761	1.0
9	1761	1762	1.0
9	1762	1763	1.0
9	1763	1764	1.0
9	1764	1765	1.0
9	1765	1766	1.0
9	1766	1767	1.0
9	1767	1768	1.0
9	1768	1769	1.0
9	1769	1770	1.0
9	1770	1771	1.0
9	1771	1772	1.0
9	1772	1773	1.0
9	1773	1774	1.0
9	1774	1775	1.0
9	1775	1776	1.0
9	1776	1777	1.0
9	1777	1778	1.0
9	1778	1779	1.0
9	1779	1780	1.0
9	1780	1781	1.0
9	1781	1782	1.0
9	1782	1783	1.0
9	1783	1784	1.0
9	1784	1785	1.0
9	1785	1786	1.0
9	1786	1787	1.0
9	1787	1788	1.0
9	1788	1789	1.0
9	1789	1790	1.0
9	1790	1791	1.0
9	1791	1792	1.0
9	1792	1793	1.0
9	1793	1794	1.0
9	1794	1795	1.0
9	1795	1796	1.0
9	1796	1797	1.0
9	1797	1798	1.0
9	1798	1799	1.0
9	1799	1800	1.0
9	1800	1801	1.0
9	1801	1802	1.0
9	1802	1803	1.0
9	1803	1804	1.0
9	1804	1805	1.0
9	1805	1806	1.0
9	1806	1807	1.0
9	1807	1808	1.0
9	1808	1809	1.0
9	1809	1810	1.0
9	1810	1811	1.0
9	1811	1812	1.0
9	1812	1813	1.0
9	1813	1814	1.0
9	1814	1815	1.0
9	1815	1816	1.0
9	1816	1817	1.0
9	1817	1818	1.0
9	1818	1819	1.0
9	1819	1820	1.0
9	1820	1821	1.0
9	1821	1822	1.0
9	1822	1823	1.0
9	1823	1824	1.0
9	1824	1825	1.0
9	1825	1826	1.0
9	1826	1827	1.0
9	1827	1828	1.0
9	1828	1829	1.0
9	1829	1830	1.0
9	1830	1831	1.0
9	1831	1832	1.0
9	1832	1833	1.0
9	1833	1834	1.0
9	1834	1835	1.0
9	1835	1836	1.0
9	1836	1837	1.0
9	1837	1838	1.0
9	1838	1839	1.0
9	1839	1840	1.0
9	1840	1841	1.0
9	1841	1842	1.0
9	1842	1843	1.0
9	1843	1844	1.0
9	1844	1845	1.0
9	1845	1846	1.0
9	1846	1847	1.0
9	1847	1848	1.0
9	1848	1849	1.0
9	1849	1850	1.0
9	1850	1851	1.0
9	1851	1852	1.0
9	1852	1853	1.0
9	1853	1854	1.0
9	1854	1855	1.0
9	1855	1856	1.0
9	1856	1857	1.0
9	1857	1858	1.0
9	1858	1859	1.0
9	1859	1860	1.0
9	1860	1861	1.0
9	1861	1862	1.0
9	1862	1863	1.0
9	1863	1864	1.0
9	1864	1865	1.0
9	1865	1866	1.0
9	1866	1867	1.0
9	1867	1868	1.0
9	1868	1869	1.0
9	1869	1870	1.0
9	1870	1871	1.0
9	1871	1872	1.0
9	1872	1873	1.0
9	1873	1874	1.0
9	1874	1875	1.0
9	1875	1876	1.0
9	1876	1877	1.0
9	1877	1878	1.0
9	1878	1879	1.0
9	1879	1880	1.0
9	1880	1881	1.0
9	1881	1882	1.0
9	1882	1883	1.0
9	1883	1884	1.0
9	1884	1885	1.0
9	1885	1886	1.0
9	1886	1887	1.0
9	1887	1888	1.0
9	1888	1889	1.0
9	1889	1890	1.0
9	1890	1891	1.0
9	1891	1892	1.0
9	1892	1893	1.0
9	1893	1894	1.0
9	1894	1895	1.0
9	1895	1896	1.0
9	1896	1897	1.0
9	1897	1898	1.0
9	1898	1899	1.0
9	1899	1900	1.0
9	1900	1901	1.0
9	1901	1902	1.0
9	1902	1903	1.0
9	1903	1904	1.0
9	1904	1905	1.0
9	1905	1906	1.0
9	1906	1907	1.0
9	1907	1908	1.0
9	1908	1909	1.0
9	1909	1910	1.0
9	1910	1911	1.0
9	1911	1912	1.0
9	1912	1913	1.0
9	1913	1914	1.0
9	1914	1915	1.0
9	1915	1916	1.0
9	1916	1917	1.0
9	1917	1918	1.0
9	1918	1919	1.0
9	1919	1920	1.0
9	1920	1921	1.0
9	1921	1922	1.0
9	1922	1923	1.0
9	1923	1924	1.0
9	1924	1925	1.0
9	1925	1926	1.0
9	1926	1927	1.0
9	1927	1928	1.0
9	1928	1929	1.0
9	1929	1930	1.0
9	1930	1931	1.0
9	1931	1932	1.0
9	1932	1933	1.0
9	1933	1934	1.0
9	1934	1935	1.0
9	1935	1936	1.0
9	1936	1937	1.0
9	1937	1938	1.0
9	1938	1939	1.0
9	1939	1940	1.0
9	1940	1941	1.0
9	1941	1942	1.0
9	1942	1943	1.0
9	1943	1944	1.0
9	1944	1945	1.0
9	1945	1946	1.0
9	1946	1947	1.0
9	1947	1948	1.0
9	1948	1949	1.0
9	1949	1950	1.0
9	1950	1951	1.0
9	1951	1952	1.0
9	1952	1953	1.0
9	1953	1954	1.0
9	1954	1955	1.0
9	1955	1956	1.0
9	1956	1957	1.0
9	1957	1958	1.0
9	1958	1959	1.0
10	1960	1961	1.0
10	1961	1962	1.0
10	1962	1963	1.0
10	1963	1964	1.0
10	1964	1965	1.0
10	1965	1966	1.0
10	1966	1967	1.0
10	1967	1968	1.0
10	1968	1969	1.0
10	1969	1970	1.0
10	1970	1971	1.0
10	1971	1972	1.0
10	1972	1973	1.0
10	1973	1974	1.0
10	1974	1975	1.0
10	1975	1976	1.0
10	1976	1977	1.0
10	1977	1978	1.0
10	1978	1979	1.0
10	1979	1980	1.0
10	1980	1981	1.0
10	1981	1982	1.0
10	1982	1983	1.0
10	1983	1984	1.0
10	1984	1985	1.0
10	1985	1986	1.0
10	1986	1987	1.0
10	1987	1988	1.0
10	1988	1989	1.0
10	1989	1990	1.0
10	1990	1991	1.0
10	1991	1992	1.0
10	1992	1993	1.0
10	1993	1994	1.0
10	1994	1995	1.0
10	1995	1996	1.0
10	1996	1997	1.0
10	1997	1998	1.0
10	1998	1999	1.0
10	1999	2000	1.0
10	2000	2001	1.0
10	2001	2002	1.0
10	2002	2003	1.0
10	2003	2004	1.0
10	2004	2005	1.0
10	2005	2006	1.0
10	2006	2007	1.0
10	2007	2008	1.0
10	2008	2009	1.0
10	2009	2010	1.0
10	2010	2011	1.0
10	2011	2012	1.0
10	2012	2013	1.0
10	2013	2014	1.0
10	2014	2015	1.0
10	2015	2016	1.0
10	2016	2017	1.0
10	2017	2018	1.0
10	2018	2019	1.0
10	2019	2020	1.0
10	2020	2021	1.0
10	2021	2022	1.0
10	2022	2023	1.0
10	2023	2024	1.0
10	2024	2025	1.0
10	2025	2026	1.0
10	2026	2027	1.0
10	2027	2028	1.0
10	2028	2029	1.0
10	2029	2030	1.0
10	2030	2031	1.0
10	2031	2032	1.0
10	2032	2033	1.0
10	2033	2034	1.0
10	2034	2035	1.0
10	2035	2036	1.0
10	2036	2037	1.0
10	2037	2038	1.0
10	2038	2039	1.0
10	2039	2040	1.0
10	2040	2041	1.0
10	2041	2042	1.0
10	2042	2043	1.0
10	2043	2044	1.0
10	2044	2045	1.0
10	2045	2046	1.0
10	2046	2047	1.0
10	2047	2048	1.0
10	2048	2049	1.0
10	2049	2050	1.0
10	2050	2051	1.0
10	2051	2052	1.0
10	2052	2053	1.0
10	2053	2054	1.0
10	2054	2055	1.0
10	2055	2056	1.0
10	2056	2057	1.0
10	2057	2058	1.0
10	2058	2059	1.0
10	2059	2060	1.0
10	2060	2061	1.0
10	2061	2062	1.0
10	2062	2063	1.0
10	2063	2064	1.0
10	2064	2065	1.0
10	2065	2066	1.0
10	2066	2067	1.0
10	2067	2068	1.0
10	2068	2069	1.0
10	2069	2070	1.0
10	2070	2071	1.0
10	2071	2072	1.0
10	2072	2073	1.0
10	2073	2074	1.0
10	2074	2075	1.0
10	2075	2076	1.0
10	2076	2077	1.0
10	2077	2078	1.0
10	2078	2079	1.0
10	2079	2080	1.0
10	2080	2081	1.0
10	2081	2082	1.0
10	2082	2083	1.0
10	2083	2084	1.0
10	2084	2085	1.0
10	2085	2086	1.0
10	2086	2087	1.0
10	2087	2088	1.0
10	2088	2089	1.0
10	2089	2090	1.0
10	2090	2091	1.0
10	2091	2092	1.0
10	2092	2093	1.0
10	2093	2094	1.0
10	2094	2095	1.0
10	2095	2096	1.0
10	2096	2097	1.0
10	2097	2098	1.0
10	2098	2099	1.0
10	2099	2100	1.0
10	2100	2101	1.0
10	2101	2102	1.0
10	2102	2103	1.0
10	2103	2104	1.0
10	2104	2105	1.0
10	2105	2106	1.0
10	2106	2107	1.0
10	2107	2108	1.0
10	2108	2109	1.0
10	2109	2110	1.0
10	2110	2111	1.0
10	2111	2112	1.0
10	2112	2113	1.0
10	2113	2114	1.0
10	2114	2115	1.0
10	2115	2116	1.0
10	2116	2117	1.0
10	2117	2118	1.0
10	2118	2119	1.0
10	2119	2120	1.0
10	2120	2121	1.0
10	2121	2122	1.0
10	2122	2123	1.0
10	2123	2124	1.0
10	2124	2125	1.0
10	2125	2126	1.0
10	2126	2127	1.0
10	2127	2128	1.0
10	2128	2129	1.0
10	2129	2130	1.0
10	2130	2131	1.0
10	2131	2132	1.0
10	2132	2133	1.0
10	2133	2134	1.0
10	2134	2135	1.0
10	2135	2136	1.0
10	2136	2137	1.0
10	2137	2138	1.0
10	2138	2139	1.0
10	2139	2140	1.0
10	2140	2141	1.0
10	2141	2142	1.0
10	2142	2143	1.0
10	2143	2144	1.0
10	2144	2145	1.0
10	2145	2146	1.0
10	2146	2147	1.0
10	2147	2148	1.0
10	2148	2149	1.0
10	2149	2150	1.0
10	2150	2151	1.0
10	2151	2152	1.0
10	2152	2153	1.0
10	2153	2154	1.0
10	2154	2155	1.0
10	2155	2156	1.0
10	2156	2157	1.0
10	2157	2158	1.0
10	2158	2159	1.0
10	2159	2160	1.0
10	2160	2161	1.0
10	2161	2162	1.0
10	2162	2163	1.0
10	2163	2164	1.0
10	2164	2165	1.0
10	2165	2166	1.0
10	2166	2167	1.0
10	2167	2168	1.0
10	2168	2169	1.0
10	2169	2170	1.0
10	2170	2171	1.0
10	2171	2172	1.0
10	2172	2173	1.0
10	2173	2174	1.0
10	2174	2175	1.0
10	2175	2176	1.0
10	2176	2177	1.0
10	2177	2178	1.0
11	2179	2180	1.0
11	2180	2181	1.0
11	2181	2182	1.0
11	2182	2183	1.0
11	2183	2184	1.0
11	2184	2185	1.0
11	2185	2186	1.0
11	2186	2187	1.0
11	2187	2188	1.0
11	2188	2189	1.0
11	2189	2190	1.0
11	2190	2191	1.0
11	2191	2192	1.0
11	2192	2193	1.0
11	2193	2194	1.0
11	2194	2195	1.0
11	2195	2196	1.0
11	2196	2197	1.0
11	2197	2198	1.0
11	2198	2199	1.0
11	2199	2200	1.0
11	2200	2201	1.0
11	2201	2202	1.0
11	2202	2203	1.0
11	2203	2204	1.0
11	2204	2205	1.0
11	2205	2206	1.0
11	2206	2207	1.0
11	2207	2208	1.0
11	2208	2209	1.0
11	2209	2210	1.0
11	2210	2211	1.0
11	2211	2212	1.0
11	2212	2213	1.0
11	2213	2214	1.0
11	2214	2215	1.0
11	2215	2216	1.0
11	2216	2217	1.0
11	2217	2218	1.0
11	2218	2219	1.0
11	2219	2220	1.0
11	2220	2221	1.0
11	2221	2222	1.0
11	2222	2223	1.0
11	2223	2224	1.0
11	2224	2225	1.0
11	2225	2226	1.0
11	2226	2227	1.0
11	2227	2228	1.0
11	2228	2229	1.0
11	2229	2230	1.0
11	2230	2231	1.0
11	2231	2232	1.0
11	2232	2233	1.0
11	2233	2234	1.0
11	2234	2235	1.0
11	2235	2236	1.0
11	2236	2237	1.0
11	2237	2238	1.0
11	2238	2239	1.0
11	2239	2240	1.0
11	2240	2241	1.0
11	2241	2242	1.0
11	2242	2243	1.0
11	2243	2244	1.0
11	2244	2245	1.0
11	2245	2246	1.0
11	2246	2247	1.0
11	2247	2248	1.0
11	2248	2249	1.0
11	2249	2250	1.0
11	2250	2251	1.0
11	2251	2252	1.0
11	2252	2253	1.0
11	2253	2254	1.0
11	2254	2255	1.0
11	2255	2256	1.0
11	2256	2257	1.0
11	2257	2258	1.0
11	2258	2259	1.0
11	2259	2260	1.0
11	2260	2261	1.0
11	2261	2262	1.0
11	2262	2263	1.0
11	2263	2264	1.0
11	2264	2265	1.0
11	2265	2266	1.0
11	2266	2267	1.0
11	2267	2268	1.0
11	2268	2269	1.0
11	2269	2270	1.0
11	2270	2271	1.0
11	2271	2272	1.0
11	2272	2273	1.0
11	2273	2274	1.0
11	2274	2275	1.0
11	2275	2276	1.0
11	2276	2277	1.0
11	2277	2278	1.0
11	2278	2279	1.0
11	2279	2280	1.0
11	2280	2281	1.0
11	2281	2282	1.0
11	2282	2283	1.0
11	2283	2284	1.0
11	2284	2285	1.0
11	2285	2286	1.0
11	2286	2287	1.0
11	2287	2288	1.0
11	2288	2289	1.0
11	2289	2290	1.0
11	2290	2291	1.0
11	2291	2292	1.0
11	2292	2293	1.0
11	2293	2294	1.0
11	2294	2295	1.0
11	2295	2296	1.0
11	2296	2297	1.0
11	2297	2298	1.0
11	2298	2299	1.0
11	2299	2300	1.0
11	2300	2301	1.0
11	2301	2302	1.0
11	2302	2303	1.0
11	2303	2304	1.0
11	2304	2305	1.0
11	2305	2306	1.0
11	2306	2307	1.0
11	2307	2308	1.0
11	2308	2309	1.0
11	2309	2310	1.0
11	2310	2311	1.0
11	2311	2312	1.0
11	2312	2313	1.0
11	2313	2314	1.0
11	2314	2315	1.0
11	2315	2316	1.0
11	2316	2317	1.0
11	2317	2318	1.0
11	2318	2319	1.0
11	2319	2320	1.0
11	2320	2321	1.0
11	2321	2322	1.0
11	2322	2323	1.0
11	2323	2324	1.0
11	2324	2325	1.0
11	2325	2326	1.0
11	2326	2327	1.0
11	2327	2328	1.0
11	2328	2329	1.0
11	2329	2330	1.0
11	2330	2331	1.0
11	2331	2332	1.0
11	2332	2333	1.0
11	2333	2334	1.0
11	2334	2335	1.0
11	2335	2336	1.0
11	2336	2337	1.0
11	2337	2338	1.0
11	2338	2339	1.0
11	2339	2340	1.0
11	2340	2341	1.0
11	2341	2342	1.0
11	2342	2343	1.0
11	2343	2344	1.0
11	2344	2345	1.0
11	2345	2346	1.0
11	2346	2347	1.0
11	2347	2348	1.0
11	2348	2349	1.0
11	2349	2350	1.0
11	2350	2351	1.0
11	2351	2352	1.0
11	2352	2353	1.0
11	2353	2354	1.0
11	2354	2355	1.0
11	2355	2356	1.0
11	2356	2357	1.0
11	2357	2358	1.0
11	2358	2359	1.0
11	2359	2360	1.0
11	2360	2361	1.0
11	2361	2362	1.0
11	2362	2363	1.0
11	2363	2364	1.0
11	2364	2365	1.0
11	2365	2366	1.0
11	2366	2367	1.0
11	2367	2368	1.0
11	2368	2369	1.0
11	2369	2370	1.0
11	2370	2371	1.0
11	2371	2372	1.0
11	2372	2373	1.0
11	2373	2374	1.0
11	2374	2375	1.0
11	2375	2376	1.0
11	2376	2377	1.0
11	2377	2378	1.0
11	2378	2379	1.0
11	2379	2380	1.0
11	2380	2381	1.0
11	2381	2382	1.0
11	2382	2383	1.0
11	2383	2384	1.0
11	2384	2385	1.0
11	2385	2386	1.0
11	2386	2387	1.0
11	2387	2388	1.0
11	2388	2389	1.0
11	2389	2390	1.0
11	2390	2391	1.0
11	2391	2392	1.0
11	2392	2393	1.0
11	2393	2394	1.0
11	2394	2395	1.0
11	2395	2396	1.0
11	2396	2397	1.0
11	2397	2398	1.0
11	2398	2399	1.0
11	2399	2400	1.0
11	2400	2401	1.0
11	2401	2402	1.0
11	2402	2403	1.0
11	2403	2404	1.0
11	2404	2405	1.0
11	2405	2406	1.0
11	2406	2407	1.0
11	2407	2408	1.0
11	2408	2409	1.0
11	2409	2410	1.0
11	2410	2411	1.0
11	2411	2412	1.0
11	2412	2413	1.0
11	2413	2414	1.0
11	2414	2415	1.0
11	2415	2416	1.0
11	2416	2417	1.0
11	2417	2418	1.0
11	2418	2419	1.0
11	2419	2420	1.0
11	2420	2421	1.0
11	2421	2422	1.0
11	2422	2423	1.0
11	2423	2424	1.0
11	2424	2425	1.0
11	2425	2426	1.0
11	2426	2427	1.0
11	2427	2428	1.0
11	2428	2429	1.0
11	2429	2430	1.0
11	2430	2431	1.0
11	2431	2432	1.0
11	2432	2433	1.0
11	2433	2434	1.0
11	2434	2435	1.0
11	2435	2436	1.0
11	2436	2437	1.0
11	2437	2438	1.0
11	2438	2439	1.0
11	2439	2440	1.0
11	2440	2441	1.0
11	2441	2442	1.0
11	2442	2443	1.0
11	2443	2444	1.0
11	2444	2445	1.0
11	2445	2446	1.0
11	2446	2447	1.0
11	2447	2448	1.0
11	2448	2449	1.0
11	2449	2450	1.0
11	2450	2451	1.0
11	2451	2452	1.0
11	2452	2453	1.0
11	2453	2454	1.0
11	2454	2455	1.0
11	2455	2456	1.0
11	2456	2457	1.0
11	2457	2458	1.0
11	2458	2459	1.0
11	2459	2460	1.0
11	2460	2461	1.0
11	2461	2462	1.0
11	2462	2463	1.0
11	2463	2464	1.0
11	2464	2465	1.0
11	2465	2466	1.0
11	2466	2467	1.0
11	2467	2468	1.0
11	2468	2469	1.0
11	2469	2470	1.0
11	2470	2471	1.0
11	2471	2472	1.0
11	2472	2473	1.0
11	2473	2474	1.0
11	2474	2475	1.0
11	2475	2476	1.0
11	2476	2477	1.0
11	2477	2478	1.0
11	2478	2479	1.0
11	2479	2480	1.0
11	2480	2481	1.0
11	2481	2482	1.0
11	2482	2483	1.0
11	2483	2484	1.0
11	2484	2485	1.0
11	2485	2486	1.0
11	2486	2487	1.0
11	2487	2488	1.0
11	2488	2489	1.0
11	2489	2490	1.0
11	2490	2491	1.0
11	2491	2492	1.0
11	2492	2493	1.0
11	2493	2494	1.0
11	2494	2495	1.0
11	2495	2496	1.0
11	2496	2497	1.0
11	2497	2498	1.0
11	2498	2499	1.0
11	2499	2500	1.0
11	2500	2501	1.0
11	2501	2502	1.0
11	2502	2503	1.0
11	2503	2504	1.0
11	2504	2505	1.0
11	2505	2506	1.0
11	2506	2507	1.0
11	2507	2508	1.0
11	2508	2509	1.0
11	2509	2510	1.0
11	2510	2511	1.0
11	2511	2512	1.0
11	2512	2513	1.0
11	2513	2514	1.0
11	2514	2515	1.0
11	2515	2516	1.0
11	2516	2517	1.0
11	2517	2518	1.0
11	2518	2519	1.0
11	2519	2520	1.0
11	2520	2521	1.0
11	2521	2522	1.0
11	2522	2523	1.0
11	2523	2524	1.0
11	2524	2525	1.0
11	2525	2526	1.0
11	2526	2527	1.0
11	2527	2528	1.0
11	2528	2529	1.0
11	2529	2530	1.0
11	2530	2531	1.0
11	2531	2532	1.0
11	2532	2533	1.0
11	2533	2534	1.0
11	2534	2535	1.0
11	2535	2536	1.0
11	2536	2537	1.0
11	2537	2538	1.0
11	2538	2539	1.0
11	2539	2540	1.0
11	2540	2541	1.0
11	2541	2542	1.0
11	2542	2543	1.0
11	2543	2544	1.0
11	2544	2545	1.0
11	2545	2546	1.0
11	2546	2547	1.0
11	2547	2548	1.0
11	2548	2549	1.0
11	2549	2550	1.0
11	2550	2551	1.0
11	2551	2552	1.0
11	2552	2553	1.0
11	2553	2554	1.0
11	2554	2555	1.0
11	2555	2556	1.0
11	2556	2557	1.0
11	2557	2558	1.0
11	2558	2559	1.0
11	2559	2560	1.0
11	2560	2561	1.0
11	2561	2562	1.0
11	2562	2563	1.0
11	2563	2564	1.0
11	2564	2565	1.0
11	2565	2566	1.0
11	2566	2567	1.0
11	2567	2568	1.0
11	2568	2569	1.0
11	2569	2570	1.0
11	2570	2571	1.0
11	2571	2572	1.0
11	2572	2573	1.0
11	2573	2574	1.0
11	2574	2575	1.0
11	2575	2576	1.0
11	2576	2577	1.0
11	2577	2578	1.0
11	2578	2579	1.0
11	2579	2580	1.0
11	2580	2581	1.0
11	2581	2582	1.0
11	2582	2583	1.0
11	2583	2584	1.0
11	2584	2585	1.0
11	2585	2586	1.0
11	2586	2587	1.0
11	2587	2588	1.0
11	2588	2589	1.0
11	2589	2590	1.0
11	2590	2591	1.0
11	2591	2592	1.0
11	2592	2593	1.0
11	2593	2594	1.0
11	2594	2595	1.0
11	2595	2596	1.0
11	2596	2597	1.0
11	2597	2598	1.0
11	2598	2599	1.0
11	2599	2600	1.0
11	2600	2601	1.0
11	2601	2602	1.0
11	2602	2603	1.0
11	2603	2604	1.0
11	2604	2605	1.0
11	2605	2606	1.0
11	2606	2607	1.0
11	2607	2608	1.0
11	2608	2609	1.0
11	2609	2610	1.0
11	2610	2611	1.0
11	2611	2612	1.0
11	2612	2613	1.0
11	2613	2614	1.0
11	2614	2615	1.0
11	2615	2616	1.0
11	2616	2617	1.0
11	2617	2618	1.0
11	2618	2619	1.0
