0	0	0.0
0	1	0.0
0	2	0.0
0	3	0.0
0	4	0.0
0	5	0.0
0	6	0.0
0	7	0.0
0	8	0.0
0	9	0.0
0	10	0.0
0	11	0.0
0	12	0.0
0	13	0.0
0	14	0.0
0	15	0.0
0	16	0.0
0	17	0.0
0	18	0.0
0	19	0.0
0	20	0.0
0	21	0.0
0	22	0.0
0	23	0.0
0	24	0.0
0	25	0.0
0	26	0.0
0	27	0.0
0	28	0.0
0	29	0.0
0	30	0.0
0	31	0.0
0	32	0.0
0	33	0.0
0	34	0.0
0	35	0.0
0	36	0.0
0	37	0.0
0	38	0.0
0	39	0.0
0	40	0.0
0	41	0.0
0	42	0.0
0	43	0.0
0	44	0.0
0	45	0.0
0	46	0.0
0	47	0.0
0	48	0.0
0	49	0.0
0	50	0.0
0	51	0.0
0	52	0.0
0	53	0.0
0	54	0.0
0	55	0.0
0	56	0.0
0	57	0.0
0	58	0.0
0	59	0.0
0	60	0.0
0	61	0.0
0	62	0.0
0	63	0.0
0	64	0.0
0	65	0.0
0	66	0.0
0	67	0.0
0	68	0.0
0	69	0.0
0	70	0.0
0	71	0.0
0	72	0.0
0	73	0.0
0	74	0.0
0	75	0.0
0	76	0.0
0	77	0.0
0	78	0.0
0	79	0.0
0	80	0.0
0	81	0.0
0	82	0.0
0	83	0.0
0	84	0.0
0	85	0.0
0	86	0.0
0	87	0.0
0	88	0.0
0	89	0.0
0	90	0.0
0	91	0.0
0	92	0.0
0	93	0.0
0	94	0.0
0	95	0.0
0	96	0.0
0	97	0.0
0	98	0.0
0	99	0.0
0	100	0.0
0	101	0.0
0	102	0.0
0	103	0.0
0	104	0.0
0	105	0.0
0	106	0.0
0	107	0.0
0	108	0.0
0	109	0.0
0	110	0.0
0	111	0.0
0	112	0.0
0	113	0.0
0	114	0.0
0	115	0.0
0	116	0.0
0	117	0.0
0	118	0.0
0	119	0.0
0	120	0.0
0	121	0.0
0	122	0.0
0	123	0.0
0	124	0.0
0	125	0.0
0	126	0.0
0	127	0.0
0	128	0.0
0	129	0.0
0	130	0.0
0	131	0.0
0	132	0.0
0	133	0.0
0	134	0.0
0	135	0.0
0	136	0.0
0	137	0.0
0	138	0.0
0	139	0.0
0	140	0.0
0	141	0.0
0	142	0.0
0	143	0.0
0	144	0.0
0	145	0.0
0	146	0.0
0	147	0.0
0	148	0.0
0	149	0.0
0	150	0.0
0	151	0.0
0	152	0.0
0	153	0.0
0	154	0.0
0	155	0.0
0	156	0.0
0	157	0.0
0	158	0.0
0	159	0.0
0	160	0.0
0	161	0.0
0	162	0.0
0	163	0.0
0	164	0.0
0	165	0.0
0	166	0.0
0	167	0.0
0	168	0.0
0	169	0.0
0	170	0.0
0	171	0.0
0	172	0.0
0	173	0.0
0	174	0.0
0	175	0.0
0	176	0.0
0	177	0.0
0	178	0.0
0	179	0.0
0	180	0.0
0	181	0.0
0	182	0.0
0	183	0.0
0	184	0.0
0	185	0.0
0	186	0.0
0	187	0.0
0	188	0.0
0	189	0.0
0	190	0.0
0	191	0.0
0	192	0.0
0	193	0.0
0	194	0.0
0	195	0.0
0	196	0.0
0	197	0.0
0	198	0.0
0	199	0.0
0	200	0.0
0	201	0.0
0	202	0.0
0	203	0.0
0	204	0.0
0	205	0.0
0	206	0.0
0	207	0.0
0	208	0.0
0	209	0.0
0	210	0.0
0	211	0.0
0	212	0.0
0	213	0.0
0	214	0.0
0	215	0.0
0	216	0.0
0	217	0.0
0	218	0.0
0	219	0.0
0	220	0.0
0	221	0.0
0	222	0.0
0	223	0.0
0	224	0.0
0	225	0.0
0	226	0.0
0	227	0.0
0	228	0.0
0	229	0.0
0	230	0.0
0	231	0.0
0	232	0.0
0	233	0.0
0	234	0.0
0	235	0.0
0	236	0.0
0	237	0.0
0	238	0.0
0	239	0.0
0	240	0.0
1	241	0.0
1	242	0.0
1	243	0.0
1	244	0.0
1	245	0.0
1	246	0.0
1	247	0.0
1	248	0.0
1	249	0.0
1	250	0.0
1	251	0.0
1	252	0.0
1	253	0.0
1	254	0.0
1	255	0.0
1	256	0.0
1	257	0.0
1	258	0.0
1	259	0.0
1	260	0.0
1	261	0.0
1	262	0.0
1	263	0.0
1	264	0.0
1	265	0.0
1	266	0.0
1	267	0.0
1	268	0.0
1	269	0.0
1	270	0.0
1	271	0.0
1	272	0.0
1	273	0.0
1	274	0.0
1	275	0.0
1	276	0.0
1	277	0.0
1	278	0.0
1	279	0.0
1	280	0.0
1	281	0.0
1	282	0.0
1	283	0.0
1	284	0.0
1	285	0.0
1	286	0.0
1	287	0.0
1	288	0.0
1	289	0.0
1	290	0.0
1	291	0.0
1	292	0.0
1	293	0.0
1	294	0.0
1	295	0.0
1	296	0.0
1	297	0.0
1	298	0.0
1	299	0.0
1	300	0.0
1	301	0.0
1	302	0.0
1	303	0.0
1	304	0.0
1	305	0.0
1	306	0.0
1	307	0.0
1	308	0.0
1	309	0.0
1	310	0.0
1	311	0.0
1	312	0.0
1	313	0.0
1	314	0.0
1	315	0.0
1	316	0.0
1	317	0.0
1	318	0.0
1	319	0.0
1	320	0.0
1	321	0.0
1	322	0.0
1	323	0.0
1	324	0.0
1	325	0.0
1	326	0.0
1	327	0.0
1	328	0.0
1	329	0.0
1	330	0.0
1	331	0.0
1	332	0.0
1	333	0.0
1	334	0.0
1	335	0.0
1	336	0.0
1	337	0.0
1	338	0.0
1	339	0.0
1	340	0.0
1	341	0.0
1	342	0.0
1	343	0.0
1	344	0.0
1	345	0.0
1	346	0.0
1	347	0.0
1	348	0.0
1	349	0.0
1	350	0.0
1	351	0.0
1	352	0.0
1	353	0.0
1	354	0.0
1	355	0.0
1	356	0.0
1	357	0.0
1	358	0.0
1	359	0.0
1	360	0.0
1	361	0.0
1	362	0.0
1	363	0.0
1	364	0.0
1	365	0.0
1	366	0.0
1	367	0.0
1	368	0.0
1	369	0.0
1	370	0.0
1	371	0.0
1	372	0.0
1	373	0.0
1	374	0.0
1	375	0.0
1	376	0.0
1	377	0.0
1	378	0.0
1	379	0.0
1	380	0.0
1	381	0.0
1	382	0.0
1	383	0.0
1	384	0.0
1	385	0.0
1	386	0.0
1	387	0.0
1	388	0.0
1	389	0.0
1	390	0.0
1	391	0.0
1	392	0.0
1	393	0.0
1	394	0.0
1	395	0.0
1	396	0.0
1	397	0.0
1	398	0.0
1	399	0.0
1	400	0.0
1	401	0.0
1	402	0.0
1	403	0.0
1	404	0.0
1	405	0.0
1	406	0.0
1	407	0.0
1	408	0.0
1	409	0.0
1	410	0.0
1	411	0.0
1	412	0.0
1	413	0.0
1	414	0.0
1	415	0.0
1	416	0.0
1	417	0.0
1	418	0.0
1	419	0.0
1	420	0.0
1	421	0.0
1	422	0.0
1	423	0.0
1	424	0.0
1	425	0.0
1	426	0.0
1	427	0.0
1	428	0.0
1	429	0.0
1	430	0.0
1	431	0.0
1	432	0.0
1	433	0.0
1	434	0.0
1	435	0.0
1	436	0.0
1	437	0.0
1	438	0.0
1	439	0.0
1	440	0.0
1	441	0.0
1	442	0.0
1	443	0.0
1	444	0.0
1	445	0.0
1	446	0.0
1	447	0.0
1	448	0.0
1	449	0.0
1	450	0.0
1	451	0.0
1	452	0.0
1	453	0.0
1	454	0.0
1	455	0.0
1	456	0.0
1	457	0.0
1	458	0.0
1	459	0.0
1	460	0.0
1	461	0.0
1	462	0.0
1	463	0.0
1	464	0.0
1	465	0.0
1	466	0.0
1	467	0.0
1	468	0.0
1	469	0.0
1	470	0.0
1	471	0.0
1	472	0.0
1	473	0.0
1	474	0.0
1	475	0.0
1	476	0.0
1	477	0.0
1	478	0.0
1	479	0.0
1	480	0.0
1	481	0.0
1	482	0.0
1	483	0.0
1	484	0.0
1	485	0.0
1	486	0.0
1	487	0.0
1	488	0.0
1	489	0.0
1	490	0.0
1	491	0.0
1	492	0.0
1	493	0.0
1	494	0.0
1	495	0.0
1	496	0.0
1	497	0.0
1	498	0.0
1	499	0.0
1	500	0.0
1	501	0.0
1	502	0.0
1	503	0.0
1	504	0.0
1	505	0.0
1	506	0.0
1	507	0.0
1	508	0.0
1	509	0.0
1	510	0.0
1	511	0.0
1	512	0.0
1	513	0.0
1	514	0.0
1	515	0.0
2	516	0.0
2	517	0.0
2	518	0.0
2	519	0.0
2	520	0.0
2	521	0.0
2	522	0.0
2	523	0.0
2	524	0.0
2	525	0.0
2	526	0.0
2	527	0.0
2	528	0.0
2	529	0.0
2	530	0.0
2	531	0.0
2	532	0.0
2	533	0.0
2	534	0.0
2	535	0.0
2	536	0.0
2	537	0.0
2	538	0.0
2	539	0.0
2	540	0.0
2	541	0.0
2	542	0.0
2	543	0.0
2	544	0.0
2	545	0.0
2	546	0.0
2	547	0.0
2	548	0.0
2	549	0.0
2	550	0.0
2	551	0.0
2	552	0.0
2	553	0.0
2	554	0.0
2	555	0.0
2	556	0.0
2	557	0.0
2	558	0.0
2	559	0.0
2	560	0.0
2	561	0.0
2	562	0.0
2	563	0.0
2	564	0.0
2	565	0.0
2	566	0.0
2	567	0.0
2	568	0.0
2	569	0.0
2	570	0.0
2	571	0.0
2	572	0.0
2	573	0.0
2	574	0.0
2	575	0.0
2	576	0.0
2	577	0.0
2	578	0.0
2	579	0.0
2	580	0.0
2	581	0.0
2	582	0.0
2	583	0.0
2	584	0.0
2	585	0.0
2	586	0.0
2	587	0.0
2	588	0.0
2	589	0.0
2	590	0.0
2	591	0.0
2	592	0.0
2	593	0.0
2	594	0.0
2	595	0.0
2	596	0.0
2	597	0.0
2	598	0.0
2	599	0.0
2	600	0.0
2	601	0.0
2	602	0.0
2	603	0.0
2	604	0.0
2	605	0.0
2	606	0.0
2	607	0.0
2	608	0.0
2	609	0.0
2	610	0.0
2	611	0.0
2	612	0.0
2	613	0.0
2	614	0.0
2	615	0.0
2	616	0.0
2	617	0.0
2	618	0.0
2	619	0.0
2	620	0.0
2	621	0.0
2	622	0.0
2	623	0.0
2	624	0.0
2	625	0.0
2	626	0.0
2	627	0.0
2	628	0.0
2	629	0.0
2	630	0.0
2	631	0.0
2	632	0.0
2	633	0.0
2	634	0.0
2	635	0.0
2	636	0.0
2	637	0.0
2	638	0.0
2	639	0.0
2	640	0.0
2	641	0.0
2	642	0.0
2	643	0.0
2	644	0.0
2	645	0.0
2	646	0.0
2	647	0.0
2	648	0.0
2	649	0.0
2	650	0.0
2	651	0.0
2	652	0.0
2	653	0.0
2	654	0.0
2	655	0.0
2	656	0.0
2	657	0.0
2	658	0.0
2	659	0.0
2	660	0.0
2	661	0.0
2	662	0.0
2	663	0.0
2	664	0.0
2	665	0.0
2	666	0.0
2	667	0.0
2	668	0.0
2	669	0.0
2	670	0.0
2	671	0.0
2	672	0.0
2	673	0.0
2	674	0.0
2	675	0.0
2	676	0.0
2	677	0.0
2	678	0.0
2	679	0.0
2	680	0.0
2	681	0.0
2	682	0.0
2	683	0.0
2	684	0.0
2	685	0.0
2	686	0.0
2	687	0.0
2	688	0.0
2	689	0.0
2	690	0.0
2	691	0.0
2	692	0.0
2	693	0.0
2	694	0.0
2	695	0.0
2	696	0.0
2	697	0.0
2	698	0.0
2	699	0.0
2	700	0.0
2	701	0.0
2	702	0.0
2	703	0.0
2	704	0.0
2	705	0.0
2	706	0.0
2	707	0.0
2	708	0.0
2	709	0.0
2	710	0.0
2	711	0.0
2	712	0.0
2	713	0.0
2	714	0.0
2	715	0.0
2	716	0.0
2	717	0.0
2	718	0.0
2	719	0.0
2	720	0.0
2	721	0.0
2	722	0.0
2	723	0.0
2	724	0.0
2	725	0.0
2	726	0.0
2	727	0.0
2	728	0.0
2	729	0.0
2	730	0.0
2	731	0.0
2	732	0.0
2	733	0.0
2	734	0.0
2	735	0.0
2	736	0.0
2	737	0.0
2	738	0.0
2	739	0.0
2	740	0.0
2	741	0.0
2	742	0.0
2	743	0.0
2	744	0.0
2	745	0.0
2	746	0.0
2	747	0.0
2	748	0.0
2	749	0.0
2	750	0.0
2	751	0.0
2	752	0.0
2	753	0.0
2	754	0.0
2	755	0.0
2	756	0.0
2	757	0.0
2	758	0.0
2	759	0.0
2	760	0.0
2	761	0.0
2	762	0.0
2	763	0.0
2	764	0.0
2	765	0.0
2	766	0.0
2	767	0.0
2	768	0.0
2	769	0.0
2	770	0.0
2	771	0.0
2	772	0.0
2	773	0.0
2	774	0.0
2	775	0.0
2	776	0.0
2	777	0.0
2	778	0.0
2	779	0.0
2	780	0.0
2	781	0.0
2	782	0.0
2	783	0.0
2	784	0.0
2	785	0.0
2	786	0.0
2	787	0.0
2	788	0.0
2	789	0.0
2	790	0.0
2	791	0.0
2	792	0.0
2	793	0.0
2	794	0.0
2	795	0.0
2	796	0.0
2	797	0.0
2	798	0.0
2	799	0.0
2	800	0.0
2	801	0.0
2	802	0.0
2	803	0.0
2	804	0.0
2	805	0.0
2	806	0.0
2	807	0.0
2	808	0.0
2	809	0.0
2	810	0.0
2	811	0.0
2	812	0.0
2	813	0.0
2	814	0.0
2	815	0.0
2	816	0.0
2	817	0.0
2	818	0.0
2	819	0.0
2	820	0.0
2	821	0.0
2	822	0.0
2	823	0.0
2	824	0.0
2	825	0.0
2	826	0.0
2	827	0.0
2	828	0.0
2	829	0.0
2	830	0.0
2	831	0.0
2	832	0.0
2	833	0.0
2	834	0.0
2	835	0.0
2	836	0.0
2	837	0.0
2	838	0.0
2	839	0.0
2	840	0.0
2	841	0.0
2	842	0.0
3	843	0.0
3	844	0.0
3	845	0.0
3	846	0.0
3	847	0.0
3	848	0.0
3	849	0.0
3	850	0.0
3	851	0.0
3	852	0.0
3	853	0.0
3	854	0.0
3	855	0.0
3	856	0.0
3	857	0.0
3	858	0.0
3	859	0.0
3	860	0.0
3	861	0.0
3	862	0.0
3	863	0.0
3	864	0.0
3	865	0.0
3	866	0.0
3	867	0.0
3	868	0.0
3	869	0.0
3	870	0.0
3	871	0.0
3	872	0.0
3	873	0.0
3	874	0.0
3	875	0.0
3	876	0.0
3	877	0.0
3	878	0.0
3	879	0.0
3	880	0.0
3	881	0.0
3	882	0.0
3	883	0.0
3	884	0.0
3	885	0.0
3	886	0.0
3	887	0.0
3	888	0.0
3	889	0.0
3	890	0.0
3	891	0.0
3	892	0.0
3	893	0.0
3	894	0.0
3	895	0.0
3	896	0.0
3	897	0.0
3	898	0.0
3	899	0.0
3	900	0.0
3	901	0.0
3	902	0.0
3	903	0.0
3	904	0.0
3	905	0.0
3	906	0.0
3	907	0.0
3	908	0.0
3	909	0.0
3	910	0.0
3	911	0.0
3	912	0.0
3	913	0.0
3	914	0.0
3	915	0.0
3	916	0.0
3	917	0.0
3	918	0.0
3	919	0.0
3	920	0.0
3	921	0.0
3	922	0.0
3	923	0.0
3	924	0.0
3	925	0.0
3	926	0.0
3	927	0.0
3	928	0.0
3	929	0.0
3	930	0.0
3	931	0.0
3	932	0.0
3	933	0.0
3	934	0.0
3	935	0.0
3	936	0.0
3	937	0.0
3	938	0.0
3	939	0.0
3	940	0.0
3	941	0.0
3	942	0.0
3	943	0.0
3	944	0.0
3	945	0.0
3	946	0.0
3	947	0.0
3	948	0.0
3	949	0.0
3	950	0.0
3	951	0.0
3	952	0.0
3	953	0.0
3	954	0.0
3	955	0.0
3	956	0.0
3	957	0.0
3	958	0.0
3	959	0.0
3	960	0.0
3	961	0.0
3	962	0.0
3	963	0.0
3	964	0.0
3	965	0.0
3	966	0.0
3	967	0.0
3	968	0.0
3	969	0.0
3	970	0.0
3	971	0.0
3	972	0.0
3	973	0.0
3	974	0.0
3	975	0.0
3	976	0.0
3	977	0.0
3	978	0.0
3	979	0.0
3	980	0.0
3	981	0.0
3	982	0.0
3	983	0.0
3	984	0.0
3	985	0.0
3	986	0.0
3	987	0.0
3	988	0.0
3	989	0.0
3	990	0.0
3	991	0.0
3	992	0.0
3	993	0.0
3	994	0.0
3	995	0.0
3	996	0.0
3	997	0.0
3	998	0.0
3	999	0.0
3	1000	0.0
3	1001	0.0
3	1002	0.0
3	1003	0.0
3	1004	0.0
3	1005	0.0
3	1006	0.0
3	1007	0.0
3	1008	0.0
3	1009	0.0
3	1010	0.0
3	1011	0.0
3	1012	0.0
3	1013	0.0
3	1014	0.0
3	1015	0.0
3	1016	0.0
3	1017	0.0
3	1018	0.0
3	1019	0.0
3	1020	0.0
3	1021	0.0
3	1022	0.0
3	1023	0.0
3	1024	0.0
3	1025	0.0
3	1026	0.0
3	1027	0.0
3	1028	0.0
3	1029	0.0
3	1030	0.0
3	1031	0.0
3	1032	0.0
3	1033	0.0
3	1034	0.0
3	1035	0.0
3	1036	0.0
3	1037	0.0
3	1038	0.0
3	1039	0.0
3	1040	0.0
3	1041	0.0
3	1042	0.0
3	1043	0.0
3	1044	0.0
3	1045	0.0
3	1046	0.0
3	1047	0.0
3	1048	0.0
3	1049	0.0
3	1050	0.0
3	1051	0.0
3	1052	0.0
3	1053	0.0
3	1054	0.0
3	1055	0.0
3	1056	0.0
3	1057	0.0
3	1058	0.0
3	1059	0.0
3	1060	0.0
3	1061	0.0
3	1062	0.0
3	1063	0.0
3	1064	0.0
3	1065	0.0
3	1066	0.0
3	1067	0.0
3	1068	0.0
3	1069	0.0
3	1070	0.0
3	1071	0.0
3	1072	0.0
3	1073	0.0
3	1074	0.0
3	1075	0.0
3	1076	0.0
3	1077	0.0
3	1078	0.0
3	1079	0.0
3	1080	0.0
3	1081	0.0
3	1082	0.0
3	1083	0.0
3	1084	0.0
3	1085	0.0
3	1086	0.0
3	1087	0.0
3	1088	0.0
3	1089	0.0
3	1090	0.0
3	1091	0.0
3	1092	0.0
3	1093	0.0
3	1094	0.0
3	1095	0.0
3	1096	0.0
3	1097	0.0
3	1098	0.0
3	1099	0.0
3	1100	0.0
3	1101	0.0
3	1102	0.0
3	1103	0.0
3	1104	0.0
3	1105	0.0
3	1106	0.0
3	1107	0.0
3	1108	0.0
3	1109	0.0
3	1110	0.0
3	1111	0.0
3	1112	0.0
3	1113	0.0
4	1114	0.0
4	1115	0.0
4	1116	0.0
4	1117	0.0
4	1118	0.0
4	1119	0.0
4	1120	0.0
4	1121	0.0
4	1122	0.0
4	1123	0.0
4	1124	0.0
4	1125	0.0
4	1126	0.0
4	1127	0.0
4	1128	0.0
4	1129	0.0
4	1130	0.0
4	1131	0.0
4	1132	0.0
4	1133	0.0
4	1134	0.0
4	1135	0.0
4	1136	0.0
4	1137	0.0
4	1138	0.0
4	1139	0.0
4	1140	0.0
4	1141	0.0
4	1142	0.0
4	1143	0.0
4	1144	0.0
4	1145	0.0
4	1146	0.0
4	1147	0.0
4	1148	0.0
4	1149	0.0
4	1150	0.0
4	1151	0.0
4	1152	0.0
4	1153	0.0
4	1154	0.0
4	1155	0.0
4	1156	0.0
4	1157	0.0
4	1158	0.0
4	1159	0.0
4	1160	0.0
4	1161	0.0
4	1162	0.0
4	1163	0.0
4	1164	0.0
4	1165	0.0
4	1166	0.0
4	1167	0.0
4	1168	0.0
4	1169	0.0
4	1170	0.0
4	1171	0.0
4	1172	0.0
4	1173	0.0
4	1174	0.0
4	1175	0.0
4	1176	0.0
4	1177	0.0
4	1178	0.0
4	1179	0.0
4	1180	0.0
4	1181	0.0
4	1182	0.0
4	1183	0.0
4	1184	0.0
4	1185	0.0
4	1186	0.0
4	1187	0.0
4	1188	0.0
4	1189	0.0
4	1190	0.0
4	1191	0.0
4	1192	0.0
4	1193	0.0
4	1194	0.0
4	1195	0.0
4	1196	0.0
4	1197	0.0
4	1198	0.0
4	1199	0.0
4	1200	0.0
4	1201	0.0
4	1202	0.0
4	1203	0.0
4	1204	0.0
4	1205	0.0
4	1206	0.0
4	1207	0.0
4	1208	0.0
4	1209	0.0
4	1210	0.0
4	1211	0.0
4	1212	0.0
4	1213	0.0
4	1214	0.0
4	1215	0.0
4	1216	0.0
4	1217	0.0
4	1218	0.0
4	1219	0.0
4	1220	0.0
4	1221	0.0
4	1222	0.0
4	1223	0.0
4	1224	0.0
4	1225	0.0
4	1226	0.0
4	1227	0.0
4	1228	0.0
4	1229	0.0
4	1230	0.0
4	1231	0.0
4	1232	0.0
4	1233	0.0
4	1234	0.0
4	1235	0.0
4	1236	0.0
4	1237	0.0
4	1238	0.0
4	1239	0.0
4	1240	0.0
4	1241	0.0
4	1242	0.0
4	1243	0.0
4	1244	0.0
4	1245	0.0
4	1246	0.0
4	1247	0.0
4	1248	0.0
4	1249	0.0
4	1250	0.0
4	1251	0.0
4	1252	0.0
4	1253	0.0
4	1254	0.0
4	1255	0.0
4	1256	0.0
4	1257	0.0
4	1258	0.0
4	1259	0.0
4	1260	0.0
4	1261	0.0
4	1262	0.0
4	1263	0.0
4	1264	0.0
4	1265	0.0
4	1266	0.0
4	1267	0.0
4	1268	0.0
4	1269	0.0
4	1270	0.0
4	1271	0.0
4	1272	0.0
4	1273	0.0
4	1274	0.0
4	1275	0.0
4	1276	0.0
4	1277	0.0
4	1278	0.0
4	1279	0.0
4	1280	0.0
4	1281	0.0
4	1282	0.0
4	1283	0.0
4	1284	0.0
4	1285	0.0
5	1286	0.0
5	1287	0.0
5	1288	0.0
5	1289	0.0
5	1290	0.0
5	1291	0.0
5	1292	0.0
5	1293	0.0
5	1294	0.0
5	1295	0.0
5	1296	0.0
5	1297	0.0
5	1298	0.0
5	1299	0.0
5	1300	0.0
5	1301	0.0
5	1302	0.0
5	1303	0.0
5	1304	0.0
5	1305	0.0
5	1306	0.0
5	1307	0.0
5	1308	0.0
5	1309	0.0
5	1310	0.0
5	1311	0.0
5	1312	0.0
5	1313	0.0
5	1314	0.0
5	1315	0.0
5	1316	0.0
5	1317	0.0
5	1318	0.0
5	1319	0.0
5	1320	0.0
5	1321	0.0
5	1322	0.0
5	1323	0.0
5	1324	0.0
5	1325	0.0
5	1326	0.0
5	1327	0.0
5	1328	0.0
5	1329	0.0
5	1330	0.0
5	1331	0.0
5	1332	0.0
5	1333	0.0
5	1334	0.0
5	1335	0.0
5	1336	0.0
5	1337	0.0
5	1338	0.0
5	1339	0.0
5	1340	0.0
5	1341	0.0
5	1342	0.0
5	1343	0.0
5	1344	0.0
5	1345	0.0
5	1346	0.0
5	1347	0.0
5	1348	0.0
5	1349	0.0
5	1350	0.0
5	1351	0.0
5	1352	0.0
5	1353	0.0
5	1354	0.0
5	1355	0.0
5	1356	0.0
5	1357	0.0
5	1358	0.0
5	1359	0.0
5	1360	0.0
5	1361	0.0
5	1362	0.0
5	1363	0.0
5	1364	0.0
5	1365	0.0
5	1366	0.0
5	1367	0.0
5	1368	0.0
5	1369	0.0
5	1370	0.0
5	1371	0.0
5	1372	0.0
5	1373	0.0
5	1374	0.0
5	1375	0.0
5	1376	0.0
5	1377	0.0
5	1378	0.0
5	1379	0.0
5	1380	0.0
5	1381	0.0
5	1382	0.0
5	1383	0.0
5	1384	0.0
5	1385	0.0
5	1386	0.0
5	1387	0.0
5	1388	0.0
5	1389	0.0
5	1390	0.0
5	1391	0.0
5	1392	0.0
5	1393	0.0
5	1394	0.0
5	1395	0.0
5	1396	0.0
5	1397	0.0
5	1398	0.0
5	1399	0.0
5	1400	0.0
5	1401	0.0
5	1402	0.0
5	1403	0.0
5	1404	0.0
5	1405	0.0
5	1406	0.0
5	1407	0.0
5	1408	0.0
5	1409	0.0
5	1410	0.0
5	1411	0.0
5	1412	0.0
5	1413	0.0
5	1414	0.0
5	1415	0.0
5	1416	0.0
5	1417	0.0
5	1418	0.0
5	1419	0.0
5	1420	0.0
5	1421	0.0
5	1422	0.0
5	1423	0.0
5	1424	0.0
5	1425	0.0
5	1426	0.0
5	1427	0.0
5	1428	0.0
5	1429	0.0
5	1430	0.0
5	1431	0.0
5	1432	0.0
5	1433	0.0
5	1434	0.0
5	1435	0.0
5	1436	0.0
5	1437	0.0
5	1438	0.0
5	1439	0.0
5	1440	0.0
5	1441	0.0
5	1442	0.0
5	1443	0.0
5	1444	0.0
5	1445	0.0
5	1446	0.0
5	1447	0.0
5	1448	0.0
5	1449	0.0
5	1450	0.0
5	1451	0.0
5	1452	0.0
5	1453	0.0
5	1454	0.0
5	1455	0.0
5	1456	0.0
5	1457	0.0
5	1458	0.0
5	1459	0.0
5	1460	0.0
5	1461	0.0
5	1462	0.0
5	1463	0.0
5	1464	0.0
5	1465	0.0
5	1466	0.0
5	1467	0.0
5	1468	0.0
5	1469	0.0
5	1470	0.0
5	1471	0.0
5	1472	0.0
5	1473	0.0
5	1474	0.0
5	1475	0.0
5	1476	0.0
5	1477	0.0
5	1478	0.0
5	1479	0.0
5	1480	0.0
5	1481	0.0
5	1482	0.0
5	1483	0.0
5	1484	0.0
5	1485	0.0
5	1486	0.0
5	1487	0.0
5	1488	0.0
5	1489	0.0
5	1490	0.0
5	1491	0.0
5	1492	0.0
5	1493	0.0
5	1494	0.0
5	1495	0.0
5	1496	0.0
5	1497	0.0
5	1498	0.0
5	1499	0.0
5	1500	0.0
5	1501	0.0
5	1502	0.0
5	1503	0.0
5	1504	0.0
5	1505	0.0
5	1506	0.0
5	1507	0.0
5	1508	0.0
5	1509	0.0
5	1510	0.0
5	1511	0.0
5	1512	0.0
5	1513	0.0
5	1514	0.0
5	1515	0.0
5	1516	0.0
5	1517	0.0
5	1518	0.0
5	1519	0.0
5	1520	0.0
5	1521	0.0
5	1522	0.0
5	1523	0.0
5	1524	0.0
5	1525	0.0
5	1526	0.0
5	1527	0.0
5	1528	0.0
5	1529	0.0
5	1530	0.0
5	1531	0.0
5	1532	0.0
5	1533	0.0
5	1534	0.0
5	1535	0.0
5	1536	0.0
5	1537	0.0
5	1538	0.0
5	1539	0.0
5	1540	0.0
5	1541	0.0
5	1542	0.0
5	1543	0.0
5	1544	0.0
5	1545	0.0
5	1546	0.0
5	1547	0.0
5	1548	0.0
5	1549	0.0
5	1550	0.0
5	1551	0.0
5	1552	0.0
5	1553	0.0
5	1554	0.0
5	1555	0.0
5	1556	0.0
5	1557	0.0
5	1558	0.0
5	1559	0.0
5	1560	0.0
5	1561	0.0
5	1562	0.0
5	1563	0.0
5	1564	0.0
5	1565	0.0
5	1566	0.0
5	1567	0.0
5	1568	0.0
5	1569	0.0
5	1570	0.0
5	1571	0.0
5	1572	0.0
5	1573	0.0
5	1574	0.0
5	1575	0.0
5	1576	0.0
5	1577	0.0
5	1578	0.0
5	1579	0.0
5	1580	0.0
5	1581	0.0
5	1582	0.0
5	1583	0.0
5	1584	0.0
5	1585	0.0
5	1586	0.0
5	1587	0.0
5	1588	0.0
5	1589	0.0
5	1590	0.0
5	1591	0.0
5	1592	0.0
5	1593	0.0
5	1594	0.0
5	1595	0.0
5	1596	0.0
5	1597	0.0
5	1598	0.0
5	1599	0.0
5	1600	0.0
5	1601	0.0
5	1602	0.0
5	1603	0.0
5	1604	0.0
5	1605	0.0
5	1606	0.0
5	1607	0.0
5	1608	0.0
5	1609	0.0
5	1610	0.0
5	1611	0.0
5	1612	0.0
5	1613	0.0
5	1614	0.0
5	1615	0.0
5	1616	0.0
5	1617	0.0
5	1618	0.0
5	1619	0.0
5	1620	0.0
5	1621	0.0
5	1622	0.0
5	1623	0.0
5	1624	0.0
5	1625	0.0
5	1626	0.0
5	1627	0.0
5	1628	0.0
5	1629	0.0
5	1630	0.0
5	1631	0.0
5	1632	0.0
5	1633	0.0
5	1634	0.0
5	1635	0.0
5	1636	0.0
5	1637	0.0
5	1638	0.0
5	1639	0.0
5	1640	0.0
5	1641	0.0
5	1642	0.0
5	1643	0.0
5	1644	0.0
5	1645	0.0
5	1646	0.0
5	1647	0.0
5	1648	0.0
5	1649	0.0
5	1650	0.0
5	1651	0.0
5	1652	0.0
5	1653	0.0
5	1654	0.0
5	1655	0.0
5	1656	0.0
5	1657	0.0
5	1658	0.0
5	1659	0.0
5	1660	0.0
5	1661	0.0
5	1662	0.0
5	1663	0.0
5	1664	0.0
5	1665	0.0
5	1666	0.0
5	1667	0.0
5	1668	0.0
5	1669	0.0
5	1670	0.0
5	1671	0.0
5	1672	0.0
5	1673	0.0
5	1674	0.0
5	1675	0.0
5	1676	0.0
5	1677	0.0
5	1678	0.0
5	1679	0.0
5	1680	0.0
5	1681	0.0
5	1682	0.0
5	1683	0.0
5	1684	0.0
5	1685	0.0
5	1686	0.0
5	1687	0.0
5	1688	0.0
5	1689	0.0
5	1690	0.0
5	1691	0.0
5	1692	0.0
5	1693	0.0
5	1694	0.0
5	1695	0.0
5	1696	0.0
5	1697	0.0
5	1698	0.0
5	1699	0.0
5	1700	0.0
5	1701	0.0
5	1702	0.0
5	1703	0.0
5	1704	0.0
5	1705	0.0
5	1706	0.0
5	1707	0.0
5	1708	0.0
5	1709	0.0
5	1710	0.0
5	1711	0.0
5	1712	0.0
5	1713	0.0
5	1714	0.0
5	1715	0.0
5	1716	0.0
6	1717	0.0
6	1718	0.0
6	1719	0.0
6	1720	0.0
6	1721	0.0
6	1722	0.0
6	1723	0.0
6	1724	0.0
6	1725	0.0
6	1726	0.0
6	1727	0.0
6	1728	0.0
6	1729	0.0
6	1730	0.0
6	1731	0.0
6	1732	0.0
6	1733	0.0
6	1734	0.0
6	1735	0.0
6	1736	0.0
6	1737	0.0
6	1738	0.0
6	1739	0.0
6	1740	0.0
6	1741	0.0
6	1742	0.0
6	1743	0.0
6	1744	0.0
6	1745	0.0
6	1746	0.0
6	1747	0.0
6	1748	0.0
6	1749	0.0
6	1750	0.0
6	1751	0.0
6	1752	0.0
6	1753	0.0
6	1754	0.0
6	1755	0.0
6	1756	0.0
6	1757	0.0
6	1758	0.0
6	1759	0.0
6	1760	0.0
6	1761	0.0
6	1762	0.0
6	1763	0.0
6	1764	0.0
6	1765	0.0
6	1766	0.0
6	1767	0.0
6	1768	0.0
6	1769	0.0
6	1770	0.0
6	1771	0.0
6	1772	0.0
6	1773	0.0
6	1774	0.0
6	1775	0.0
6	1776	0.0
6	1777	0.0
6	1778	0.0
6	1779	0.0
6	1780	0.0
6	1781	0.0
6	1782	0.0
6	1783	0.0
6	1784	0.0
6	1785	0.0
6	1786	0.0
6	1787	0.0
6	1788	0.0
6	1789	0.0
6	1790	0.0
6	1791	0.0
6	1792	0.0
6	1793	0.0
6	1794	0.0
6	1795	0.0
6	1796	0.0
6	1797	0.0
6	1798	0.0
6	1799	0.0
6	1800	0.0
6	1801	0.0
6	1802	0.0
6	1803	0.0
6	1804	0.0
6	1805	0.0
6	1806	0.0
6	1807	0.0
6	1808	0.0
6	1809	0.0
6	1810	0.0
6	1811	0.0
6	1812	0.0
6	1813	0.0
6	1814	0.0
6	1815	0.0
6	1816	0.0
6	1817	0.0
6	1818	0.0
6	1819	0.0
6	1820	0.0
6	1821	0.0
6	1822	0.0
6	1823	0.0
6	1824	0.0
6	1825	0.0
6	1826	0.0
6	1827	0.0
6	1828	0.0
6	1829	0.0
6	1830	0.0
6	1831	0.0
6	1832	0.0
6	1833	0.0
6	1834	0.0
6	1835	0.0
6	1836	0.0
6	1837	0.0
6	1838	0.0
6	1839	0.0
6	1840	0.0
6	1841	0.0
6	1842	0.0
6	1843	0.0
6	1844	0.0
6	1845	0.0
6	1846	0.0
6	1847	0.0
6	1848	0.0
6	1849	0.0
6	1850	0.0
6	1851	0.0
6	1852	0.0
6	1853	0.0
6	1854	0.0
6	1855	0.0
6	1856	0.0
6	1857	0.0
6	1858	0.0
6	1859	0.0
6	1860	0.0
6	1861	0.0
6	1862	0.0
6	1863	0.0
6	1864	0.0
6	1865	0.0
6	1866	0.0
6	1867	0.0
6	1868	0.0
6	1869	0.0
6	1870	0.0
6	1871	0.0
6	1872	0.0
6	1873	0.0
6	1874	0.0
6	1875	0.0
6	1876	0.0
6	1877	0.0
6	1878	0.0
6	1879	0.0
6	1880	0.0
6	1881	0.0
6	1882	0.0
6	1883	0.0
6	1884	0.0
6	1885	0.0
6	1886	0.0
6	1887	0.0
6	1888	0.0
6	1889	0.0
6	1890	0.0
6	1891	0.0
6	1892	0.0
6	1893	0.0
6	1894	0.0
6	1895	0.0
6	1896	0.0
6	1897	0.0
6	1898	0.0
6	1899	0.0
6	1900	0.0
6	1901	0.0
6	1902	0.0
6	1903	0.0
6	1904	0.0
6	1905	0.0
6	1906	0.0
6	1907	0.0
6	1908	0.0
6	1909	0.0
6	1910	0.0
6	1911	0.0
6	1912	0.0
6	1913	0.0
6	1914	0.0
6	1915	0.0
6	1916	0.0
6	1917	0.0
6	1918	0.0
6	1919	0.0
6	1920	0.0
6	1921	0.0
6	1922	0.0
6	1923	0.0
6	1924	0.0
6	1925	0.0
6	1926	0.0
6	1927	0.0
6	1928	0.0
6	1929	0.0
6	1930	0.0
6	1931	0.0
6	1932	0.0
6	1933	0.0
6	1934	0.0
6	1935	0.0
7	1936	0.0
7	1937	0.0
7	1938	0.0
7	1939	0.0
7	1940	0.0
7	1941	0.0
7	1942	0.0
7	1943	0.0
7	1944	0.0
7	1945	0.0
7	1946	0.0
7	1947	0.0
7	1948	0.0
7	1949	0.0
7	1950	0.0
7	1951	0.0
7	1952	0.0
7	1953	0.0
7	1954	0.0
7	1955	0.0
7	1956	0.0
7	1957	0.0
7	1958	0.0
7	1959	0.0
7	1960	0.0
7	1961	0.0
7	1962	0.0
7	1963	0.0
7	1964	0.0
7	1965	0.0
7	1966	0.0
7	1967	0.0
7	1968	0.0
7	1969	0.0
7	1970	0.0
7	1971	0.0
7	1972	0.0
7	1973	0.0
7	1974	0.0
7	1975	0.0
7	1976	0.0
7	1977	0.0
7	1978	0.0
7	1979	0.0
7	1980	0.0
7	1981	0.0
7	1982	0.0
7	1983	0.0
7	1984	0.0
7	1985	0.0
7	1986	0.0
7	1987	0.0
7	1988	0.0
7	1989	0.0
7	1990	0.0
7	1991	0.0
7	1992	0.0
7	1993	0.0
7	1994	0.0
7	1995	0.0
7	1996	0.0
7	1997	0.0
7	1998	0.0
7	1999	0.0
7	2000	0.0
7	2001	0.0
7	2002	0.0
7	2003	0.0
7	2004	0.0
7	2005	0.0
7	2006	0.0
7	2007	0.0
7	2008	0.0
7	2009	0.0
7	2010	0.0
7	2011	0.0
7	2012	0.0
7	2013	0.0
7	2014	0.0
7	2015	0.0
7	2016	0.0
7	2017	0.0
7	2018	0.0
7	2019	0.0
7	2020	0.0
7	2021	0.0
7	2022	0.0
7	2023	0.0
7	2024	0.0
7	2025	0.0
7	2026	0.0
7	2027	0.0
7	2028	0.0
7	2029	0.0
7	2030	0.0
7	2031	0.0
7	2032	0.0
7	2033	0.0
7	2034	0.0
7	2035	0.0
7	2036	0.0
7	2037	0.0
7	2038	0.0
7	2039	0.0
7	2040	0.0
7	2041	0.0
7	2042	0.0
7	2043	0.0
7	2044	0.0
7	2045	0.0
7	2046	0.0
7	2047	0.0
7	2048	0.0
7	2049	0.0
7	2050	0.0
7	2051	0.0
7	2052	0.0
7	2053	0.0
7	2054	0.0
7	2055	0.0
7	2056	0.0
7	2057	0.0
7	2058	0.0
7	2059	0.0
7	2060	0.0
7	2061	0.0
7	2062	0.0
7	2063	0.0
7	2064	0.0
7	2065	0.0
7	2066	0.0
7	2067	0.0
7	2068	0.0
7	2069	0.0
7	2070	0.0
7	2071	0.0
7	2072	0.0
7	2073	0.0
7	2074	0.0
7	2075	0.0
7	2076	0.0
7	2077	0.0
7	2078	0.0
7	2079	0.0
7	2080	0.0
7	2081	0.0
7	2082	0.0
7	2083	0.0
7	2084	0.0
7	2085	0.0
7	2086	0.0
7	2087	0.0
7	2088	0.0
7	2089	0.0
7	2090	0.0
7	2091	0.0
7	2092	0.0
7	2093	0.0
7	2094	0.0
7	2095	0.0
7	2096	0.0
7	2097	0.0
7	2098	0.0
7	2099	0.0
7	2100	0.0
7	2101	0.0
7	2102	0.0
7	2103	0.0
7	2104	0.0
7	2105	0.0
7	2106	0.0
7	2107	0.0
7	2108	0.0
7	2109	0.0
7	2110	0.0
7	2111	0.0
7	2112	0.0
7	2113	0.0
7	2114	0.0
7	2115	0.0
8	2116	0.0
8	2117	0.0
8	2118	0.0
8	2119	0.0
8	2120	0.0
8	2121	0.0
8	2122	0.0
8	2123	0.0
8	2124	0.0
8	2125	0.0
8	2126	0.0
8	2127	0.0
8	2128	0.0
8	2129	0.0
8	2130	0.0
8	2131	0.0
8	2132	0.0
8	2133	0.0
8	2134	0.0
8	2135	0.0
8	2136	0.0
8	2137	0.0
8	2138	0.0
8	2139	0.0
8	2140	0.0
8	2141	0.0
8	2142	0.0
8	2143	0.0
8	2144	0.0
8	2145	0.0
8	2146	0.0
8	2147	0.0
8	2148	0.0
8	2149	0.0
8	2150	0.0
8	2151	0.0
8	2152	0.0
8	2153	0.0
8	2154	0.0
8	2155	0.0
8	2156	0.0
8	2157	0.0
8	2158	0.0
8	2159	0.0
8	2160	0.0
8	2161	0.0
8	2162	0.0
8	2163	0.0
8	2164	0.0
8	2165	0.0
8	2166	0.0
8	2167	0.0
8	2168	0.0
8	2169	0.0
8	2170	0.0
8	2171	0.0
8	2172	0.0
8	2173	0.0
8	2174	0.0
8	2175	0.0
8	2176	0.0
8	2177	0.0
8	2178	0.0
8	2179	0.0
8	2180	0.0
8	2181	0.0
8	2182	0.0
8	2183	0.0
8	2184	0.0
8	2185	0.0
8	2186	0.0
8	2187	0.0
8	2188	0.0
8	2189	0.0
8	2190	0.0
8	2191	0.0
8	2192	0.0
8	2193	0.0
8	2194	0.0
8	2195	0.0
8	2196	0.0
8	2197	0.0
8	2198	0.0
8	2199	0.0
8	2200	0.0
8	2201	0.0
8	2202	0.0
8	2203	0.0
8	2204	0.0
8	2205	0.0
8	2206	0.0
8	2207	0.0
8	2208	0.0
8	2209	0.0
8	2210	0.0
8	2211	0.0
8	2212	0.0
8	2213	0.0
8	2214	0.0
8	2215	0.0
8	2216	0.0
8	2217	0.0
8	2218	0.0
8	2219	0.0
8	2220	0.0
8	2221	0.0
8	2222	0.0
8	2223	0.0
8	2224	0.0
8	2225	0.0
8	2226	0.0
8	2227	0.0
8	2228	0.0
8	2229	0.0
8	2230	0.0
8	2231	0.0
8	2232	0.0
8	2233	0.0
8	2234	0.0
8	2235	0.0
8	2236	0.0
8	2237	0.0
8	2238	0.0
8	2239	0.0
8	2240	0.0
8	2241	0.0
8	2242	0.0
8	2243	0.0
8	2244	0.0
8	2245	0.0
8	2246	0.0
8	2247	0.0
8	2248	0.0
8	2249	0.0
8	2250	0.0
8	2251	0.0
8	2252	0.0
8	2253	0.0
8	2254	0.0
8	2255	0.0
8	2256	0.0
8	2257	0.0
8	2258	0.0
8	2259	0.0
8	2260	0.0
8	2261	0.0
8	2262	0.0
9	2263	0.0
9	2264	0.0
9	2265	0.0
9	2266	0.0
9	2267	0.0
9	2268	0.0
9	2269	0.0
9	2270	0.0
9	2271	0.0
9	2272	0.0
9	2273	0.0
9	2274	0.0
9	2275	0.0
9	2276	0.0
9	2277	0.0
9	2278	0.0
9	2279	0.0
9	2280	0.0
9	2281	0.0
9	2282	0.0
9	2283	0.0
9	2284	0.0
9	2285	0.0
9	2286	0.0
9	2287	0.0
9	2288	0.0
9	2289	0.0
9	2290	0.0
9	2291	0.0
9	2292	0.0
9	2293	0.0
9	2294	0.0
9	2295	0.0
9	2296	0.0
9	2297	0.0
9	2298	0.0
9	2299	0.0
9	2300	0.0
9	2301	0.0
9	2302	0.0
9	2303	0.0
9	2304	0.0
9	2305	0.0
9	2306	0.0
9	2307	0.0
9	2308	0.0
9	2309	0.0
9	2310	0.0
9	2311	0.0
9	2312	0.0
9	2313	0.0
9	2314	0.0
9	2315	0.0
9	2316	0.0
9	2317	0.0
9	2318	0.0
9	2319	0.0
9	2320	0.0
9	2321	0.0
9	2322	0.0
9	2323	0.0
9	2324	0.0
9	2325	0.0
9	2326	0.0
9	2327	0.0
9	2328	0.0
9	2329	0.0
9	2330	0.0
9	2331	0.0
9	2332	0.0
9	2333	0.0
9	2334	0.0
9	2335	0.0
9	2336	0.0
9	2337	0.0
9	2338	0.0
9	2339	0.0
9	2340	0.0
9	2341	0.0
9	2342	0.0
9	2343	0.0
9	2344	0.0
9	2345	0.0
9	2346	0.0
9	2347	0.0
9	2348	0.0
9	2349	0.0
9	2350	0.0
9	2351	0.0
9	2352	0.0
9	2353	0.0
9	2354	0.0
9	2355	0.0
9	2356	0.0
9	2357	0.0
9	2358	0.0
9	2359	0.0
9	2360	0.0
9	2361	0.0
9	2362	0.0
9	2363	0.0
9	2364	0.0
9	2365	0.0
9	2366	0.0
9	2367	0.0
9	2368	0.0
9	2369	0.0
9	2370	0.0
9	2371	0.0
9	2372	0.0
9	2373	0.0
9	2374	0.0
9	2375	0.0
9	2376	0.0
9	2377	0.0
9	2378	0.0
9	2379	0.0
9	2380	0.0
9	2381	0.0
9	2382	0.0
9	2383	0.0
9	2384	0.0
9	2385	0.0
9	2386	0.0
9	2387	0.0
9	2388	0.0
9	2389	0.0
9	2390	0.0
9	2391	0.0
9	2392	0.0
9	2393	0.0
9	2394	0.0
9	2395	0.0
9	2396	0.0
9	2397	0.0
9	2398	0.0
9	2399	0.0
9	2400	0.0
9	2401	0.0
9	2402	0.0
9	2403	0.0
9	2404	0.0
9	2405	0.0
9	2406	0.0
9	2407	0.0
9	2408	0.0
9	2409	0.0
9	2410	0.0
9	2411	0.0
9	2412	0.0
9	2413	0.0
9	2414	0.0
9	2415	0.0
9	2416	0.0
9	2417	0.0
9	2418	0.0
9	2419	0.0
9	2420	0.0
9	2421	0.0
9	2422	0.0
9	2423	0.0
9	2424	0.0
9	2425	0.0
9	2426	0.0
9	2427	0.0
9	2428	0.0
9	2429	0.0
9	2430	0.0
9	2431	0.0
9	2432	0.0
9	2433	0.0
9	2434	0.0
9	2435	0.0
9	2436	0.0
9	2437	0.0
9	2438	0.0
9	2439	0.0
9	2440	0.0
9	2441	0.0
9	2442	0.0
9	2443	0.0
9	2444	0.0
9	2445	0.0
9	2446	0.0
9	2447	0.0
9	2448	0.0
9	2449	0.0
9	2450	0.0
9	2451	0.0
9	2452	0.0
9	2453	0.0
9	2454	0.0
9	2455	0.0
9	2456	0.0
9	2457	0.0
