0	0	0.0
0	1	0.0
0	2	0.0
0	3	0.0
0	4	0.0
0	5	0.0
0	6	0.0
0	7	0.0
0	8	0.0
0	9	0.0
0	10	0.0
0	11	0.0
0	12	0.0
0	13	0.0
0	14	0.0
0	15	0.0
0	16	0.0
0	17	0.0
0	18	0.0
0	19	0.0
0	20	0.0
0	21	0.0
0	22	0.0
0	23	0.0
0	24	0.0
0	25	0.0
0	26	0.0
0	27	0.0
0	28	0.0
0	29	0.0
0	30	0.0
0	31	0.0
0	32	0.0
0	33	0.0
0	34	0.0
0	35	0.0
0	36	0.0
0	37	0.0
0	38	0.0
0	39	0.0
0	40	0.0
0	41	0.0
0	42	0.0
0	43	0.0
0	44	0.0
0	45	0.0
0	46	0.0
0	47	0.0
0	48	0.0
0	49	0.0
0	50	0.0
0	51	0.0
0	52	0.0
0	53	0.0
0	54	0.0
0	55	0.0
0	56	0.0
0	57	0.0
0	58	0.0
0	59	0.0
0	60	0.0
0	61	0.0
0	62	0.0
0	63	0.0
1	64	0.0
1	65	0.0
1	66	0.0
1	67	0.0
1	68	0.0
1	69	0.0
1	70	0.0
1	71	0.0
1	72	0.0
1	73	0.0
1	74	0.0
1	75	0.0
1	76	0.0
1	77	0.0
1	78	0.0
1	79	0.0
1	80	0.0
1	81	0.0
1	82	0.0
1	83	0.0
1	84	0.0
1	85	0.0
1	86	0.0
1	87	0.0
1	88	0.0
1	89	0.0
1	90	0.0
1	91	0.0
1	92	0.0
1	93	0.0
1	94	0.0
1	95	0.0
1	96	0.0
1	97	0.0
1	98	0.0
1	99	0.0
1	100	0.0
1	101	0.0
1	102	0.0
1	103	0.0
1	104	0.0
1	105	0.0
1	106	0.0
1	107	0.0
1	108	0.0
1	109	0.0
1	110	0.0
1	111	0.0
1	112	0.0
1	113	0.0
1	114	0.0
1	115	0.0
1	116	0.0
1	117	0.0
1	118	0.0
1	119	0.0
1	120	0.0
1	121	0.0
1	122	0.0
1	123	0.0
1	124	0.0
1	125	0.0
1	126	0.0
1	127	0.0
1	128	0.0
1	129	0.0
1	130	0.0
1	131	0.0
1	132	0.0
1	133	0.0
1	134	0.0
1	135	0.0
1	136	0.0
1	137	0.0
1	138	0.0
1	139	0.0
1	140	0.0
1	141	0.0
1	142	0.0
1	143	0.0
1	144	0.0
1	145	0.0
1	146	0.0
1	147	0.0
1	148	0.0
1	149	0.0
1	150	0.0
1	151	0.0
1	152	0.0
1	153	0.0
1	154	0.0
1	155	0.0
1	156	0.0
1	157	0.0
1	158	0.0
1	159	0.0
1	160	0.0
1	161	0.0
1	162	0.0
1	163	0.0
1	164	0.0
1	165	0.0
1	166	0.0
1	167	0.0
1	168	0.0
1	169	0.0
1	170	0.0
1	171	0.0
1	172	0.0
1	173	0.0
1	174	0.0
1	175	0.0
1	176	0.0
1	177	0.0
1	178	0.0
1	179	0.0
1	180	0.0
1	181	0.0
1	182	0.0
1	183	0.0
1	184	0.0
1	185	0.0
1	186	0.0
1	187	0.0
1	188	0.0
1	189	0.0
1	190	0.0
1	191	0.0
1	192	0.0
1	193	0.0
1	194	0.0
1	195	0.0
1	196	0.0
1	197	0.0
1	198	0.0
1	199	0.0
1	200	0.0
1	201	0.0
1	202	0.0
1	203	0.0
1	204	0.0
1	205	0.0
1	206	0.0
1	207	0.0
1	208	0.0
1	209	0.0
1	210	0.0
1	211	0.0
1	212	0.0
1	213	0.0
1	214	0.0
1	215	0.0
1	216	0.0
1	217	0.0
1	218	0.0
1	219	0.0
1	220	0.0
1	221	0.0
1	222	0.0
1	223	0.0
1	224	0.0
1	225	0.0
1	226	0.0
1	227	0.0
1	228	0.0
1	229	0.0
1	230	0.0
1	231	0.0
1	232	0.0
1	233	0.0
1	234	0.0
2	235	0.0
2	236	0.0
2	237	0.0
2	238	0.0
2	239	0.0
2	240	0.0
2	241	0.0
2	242	0.0
2	243	0.0
2	244	0.0
2	245	0.0
2	246	0.0
2	247	0.0
2	248	0.0
2	249	0.0
2	250	0.0
2	251	0.0
2	252	0.0
2	253	0.0
2	254	0.0
2	255	0.0
2	256	0.0
2	257	0.0
2	258	0.0
2	259	0.0
2	260	0.0
2	261	0.0
2	262	0.0
2	263	0.0
2	264	0.0
2	265	0.0
2	266	0.0
2	267	0.0
2	268	0.0
2	269	0.0
2	270	0.0
2	271	0.0
2	272	0.0
2	273	0.0
2	274	0.0
2	275	0.0
2	276	0.0
2	277	0.0
2	278	0.0
2	279	0.0
2	280	0.0
2	281	0.0
2	282	0.0
2	283	0.0
2	284	0.0
2	285	0.0
2	286	0.0
2	287	0.0
2	288	0.0
2	289	0.0
2	290	0.0
2	291	0.0
2	292	0.0
2	293	0.0
2	294	0.0
2	295	0.0
2	296	0.0
2	297	0.0
2	298	0.0
2	299	0.0
2	300	0.0
2	301	0.0
2	302	0.0
2	303	0.0
2	304	0.0
2	305	0.0
2	306	0.0
2	307	0.0
2	308	0.0
2	309	0.0
2	310	0.0
2	311	0.0
2	312	0.0
2	313	0.0
2	314	0.0
2	315	0.0
2	316	0.0
2	317	0.0
2	318	0.0
2	319	0.0
2	320	0.0
2	321	0.0
2	322	0.0
2	323	0.0
2	324	0.0
2	325	0.0
2	326	0.0
2	327	0.0
2	328	0.0
2	329	0.0
2	330	0.0
2	331	0.0
2	332	0.0
2	333	0.0
2	334	0.0
2	335	0.0
2	336	0.0
2	337	0.0
2	338	0.0
2	339	0.0
2	340	0.0
2	341	0.0
2	342	0.0
2	343	0.0
2	344	0.0
2	345	0.0
2	346	0.0
2	347	0.0
2	348	0.0
2	349	0.0
2	350	0.0
2	351	0.0
2	352	0.0
2	353	0.0
2	354	0.0
2	355	0.0
2	356	0.0
2	357	0.0
2	358	0.0
2	359	0.0
2	360	0.0
2	361	0.0
2	362	0.0
2	363	0.0
2	364	0.0
2	365	0.0
2	366	0.0
2	367	0.0
2	368	0.0
2	369	0.0
2	370	0.0
2	371	0.0
2	372	0.0
2	373	0.0
2	374	0.0
2	375	0.0
2	376	0.0
2	377	0.0
2	378	0.0
2	379	0.0
2	380	0.0
2	381	0.0
2	382	0.0
2	383	0.0
2	384	0.0
2	385	0.0
2	386	0.0
2	387	0.0
2	388	0.0
2	389	0.0
2	390	0.0
2	391	0.0
2	392	0.0
2	393	0.0
2	394	0.0
2	395	0.0
2	396	0.0
2	397	0.0
2	398	0.0
2	399	0.0
2	400	0.0
2	401	0.0
2	402	0.0
2	403	0.0
2	404	0.0
2	405	0.0
2	406	0.0
2	407	0.0
2	408	0.0
2	409	0.0
2	410	0.0
2	411	0.0
2	412	0.0
2	413	0.0
2	414	0.0
2	415	0.0
2	416	0.0
2	417	0.0
2	418	0.0
2	419	0.0
2	420	0.0
2	421	0.0
2	422	0.0
2	423	0.0
2	424	0.0
2	425	0.0
2	426	0.0
2	427	0.0
2	428	0.0
2	429	0.0
2	430	0.0
2	431	0.0
2	432	0.0
2	433	0.0
2	434	0.0
2	435	0.0
2	436	0.0
2	437	0.0
2	438	0.0
2	439	0.0
2	440	0.0
2	441	0.0
2	442	0.0
2	443	0.0
2	444	0.0
2	445	0.0
2	446	0.0
2	447	0.0
2	448	0.0
2	449	0.0
2	450	0.0
2	451	0.0
2	452	0.0
2	453	0.0
2	454	0.0
2	455	0.0
2	456	0.0
2	457	0.0
2	458	0.0
2	459	0.0
2	460	0.0
2	461	0.0
2	462	0.0
2	463	0.0
2	464	0.0
2	465	0.0
2	466	0.0
2	467	0.0
2	468	0.0
2	469	0.0
2	470	0.0
2	471	0.0
2	472	0.0
2	473	0.0
2	474	0.0
2	475	0.0
2	476	0.0
2	477	0.0
2	478	0.0
2	479	0.0
2	480	0.0
2	481	0.0
2	482	0.0
2	483	0.0
2	484	0.0
2	485	0.0
2	486	0.0
2	487	0.0
2	488	0.0
2	489	0.0
2	490	0.0
2	491	0.0
2	492	0.0
2	493	0.0
2	494	0.0
2	495	0.0
2	496	0.0
2	497	0.0
2	498	0.0
2	499	0.0
2	500	0.0
2	501	0.0
2	502	0.0
2	503	0.0
2	504	0.0
2	505	0.0
2	506	0.0
2	507	0.0
2	508	0.0
2	509	0.0
2	510	0.0
2	511	0.0
2	512	0.0
2	513	0.0
2	514	0.0
2	515	0.0
2	516	0.0
2	517	0.0
2	518	0.0
2	519	0.0
2	520	0.0
2	521	0.0
2	522	0.0
2	523	0.0
2	524	0.0
2	525	0.0
2	526	0.0
2	527	0.0
2	528	0.0
2	529	0.0
2	530	0.0
2	531	0.0
2	532	0.0
2	533	0.0
2	534	0.0
2	535	0.0
2	536	0.0
2	537	0.0
2	538	0.0
2	539	0.0
2	540	0.0
2	541	0.0
2	542	0.0
2	543	0.0
2	544	0.0
2	545	0.0
2	546	0.0
2	547	0.0
2	548	0.0
2	549	0.0
2	550	0.0
2	551	0.0
2	552	0.0
2	553	0.0
2	554	0.0
2	555	0.0
2	556	0.0
2	557	0.0
2	558	0.0
2	559	0.0
2	560	0.0
2	561	0.0
2	562	0.0
2	563	0.0
2	564	0.0
2	565	0.0
2	566	0.0
2	567	0.0
2	568	0.0
2	569	0.0
2	570	0.0
2	571	0.0
2	572	0.0
2	573	0.0
2	574	0.0
2	575	0.0
2	576	0.0
2	577	0.0
2	578	0.0
2	579	0.0
2	580	0.0
2	581	0.0
2	582	0.0
2	583	0.0
2	584	0.0
2	585	0.0
2	586	0.0
2	587	0.0
2	588	0.0
2	589	0.0
2	590	0.0
2	591	0.0
2	592	0.0
2	593	0.0
2	594	0.0
2	595	0.0
2	596	0.0
2	597	0.0
2	598	0.0
2	599	0.0
2	600	0.0
2	601	0.0
2	602	0.0
2	603	0.0
2	604	0.0
2	605	0.0
2	606	0.0
2	607	0.0
2	608	0.0
2	609	0.0
2	610	0.0
2	611	0.0
2	612	0.0
3	613	0.0
3	614	0.0
3	615	0.0
3	616	0.0
3	617	0.0
3	618	0.0
3	619	0.0
3	620	0.0
3	621	0.0
3	622	0.0
3	623	0.0
3	624	0.0
3	625	0.0
3	626	0.0
3	627	0.0
3	628	0.0
3	629	0.0
3	630	0.0
3	631	0.0
3	632	0.0
3	633	0.0
3	634	0.0
3	635	0.0
3	636	0.0
3	637	0.0
3	638	0.0
3	639	0.0
3	640	0.0
3	641	0.0
3	642	0.0
3	643	0.0
3	644	0.0
3	645	0.0
3	646	0.0
3	647	0.0
3	648	0.0
3	649	0.0
3	650	0.0
3	651	0.0
3	652	0.0
3	653	0.0
3	654	0.0
3	655	0.0
3	656	0.0
3	657	0.0
3	658	0.0
3	659	0.0
3	660	0.0
3	661	0.0
3	662	0.0
3	663	0.0
3	664	0.0
3	665	0.0
3	666	0.0
3	667	0.0
3	668	0.0
3	669	0.0
3	670	0.0
3	671	0.0
3	672	0.0
3	673	0.0
3	674	0.0
3	675	0.0
3	676	0.0
3	677	0.0
3	678	0.0
3	679	0.0
3	680	0.0
3	681	0.0
3	682	0.0
3	683	0.0
3	684	0.0
3	685	0.0
3	686	0.0
3	687	0.0
3	688	0.0
3	689	0.0
3	690	0.0
3	691	0.0
3	692	0.0
3	693	0.0
3	694	0.0
3	695	0.0
3	696	0.0
3	697	0.0
3	698	0.0
3	699	0.0
3	700	0.0
3	701	0.0
3	702	0.0
3	703	0.0
3	704	0.0
3	705	0.0
3	706	0.0
3	707	0.0
3	708	0.0
3	709	0.0
3	710	0.0
3	711	0.0
3	712	0.0
3	713	0.0
3	714	0.0
3	715	0.0
3	716	0.0
3	717	0.0
3	718	0.0
3	719	0.0
3	720	0.0
3	721	0.0
3	722	0.0
3	723	0.0
3	724	0.0
3	725	0.0
3	726	0.0
3	727	0.0
3	728	0.0
3	729	0.0
3	730	0.0
3	731	0.0
3	732	0.0
3	733	0.0
3	734	0.0
3	735	0.0
3	736	0.0
3	737	0.0
3	738	0.0
3	739	0.0
3	740	0.0
3	741	0.0
3	742	0.0
3	743	0.0
3	744	0.0
3	745	0.0
3	746	0.0
3	747	0.0
3	748	0.0
3	749	0.0
3	750	0.0
3	751	0.0
3	752	0.0
3	753	0.0
3	754	0.0
3	755	0.0
3	756	0.0
3	757	0.0
3	758	0.0
3	759	0.0
3	760	0.0
3	761	0.0
3	762	0.0
3	763	0.0
3	764	0.0
3	765	0.0
3	766	0.0
3	767	0.0
3	768	0.0
3	769	0.0
3	770	0.0
3	771	0.0
3	772	0.0
3	773	0.0
3	774	0.0
3	775	0.0
3	776	0.0
3	777	0.0
3	778	0.0
3	779	0.0
3	780	0.0
3	781	0.0
3	782	0.0
3	783	0.0
3	784	0.0
3	785	0.0
3	786	0.0
3	787	0.0
3	788	0.0
3	789	0.0
3	790	0.0
3	791	0.0
3	792	0.0
3	793	0.0
3	794	0.0
3	795	0.0
3	796	0.0
3	797	0.0
3	798	0.0
3	799	0.0
3	800	0.0
3	801	0.0
3	802	0.0
3	803	0.0
3	804	0.0
3	805	0.0
3	806	0.0
3	807	0.0
3	808	0.0
3	809	0.0
3	810	0.0
3	811	0.0
3	812	0.0
3	813	0.0
3	814	0.0
3	815	0.0
3	816	0.0
3	817	0.0
3	818	0.0
3	819	0.0
3	820	0.0
3	821	0.0
3	822	0.0
3	823	0.0
3	824	0.0
3	825	0.0
3	826	0.0
3	827	0.0
3	828	0.0
3	829	0.0
3	830	0.0
3	831	0.0
3	832	0.0
3	833	0.0
3	834	0.0
3	835	0.0
3	836	0.0
3	837	0.0
3	838	0.0
3	839	0.0
3	840	0.0
3	841	0.0
3	842	0.0
3	843	0.0
3	844	0.0
3	845	0.0
3	846	0.0
3	847	0.0
3	848	0.0
3	849	0.0
3	850	0.0
3	851	0.0
3	852	0.0
3	853	0.0
3	854	0.0
3	855	0.0
3	856	0.0
3	857	0.0
3	858	0.0
3	859	0.0
3	860	0.0
3	861	0.0
3	862	0.0
3	863	0.0
3	864	0.0
3	865	0.0
3	866	0.0
3	867	0.0
3	868	0.0
3	869	0.0
3	870	0.0
3	871	0.0
3	872	0.0
3	873	0.0
3	874	0.0
3	875	0.0
3	876	0.0
3	877	0.0
3	878	0.0
3	879	0.0
3	880	0.0
3	881	0.0
3	882	0.0
3	883	0.0
3	884	0.0
3	885	0.0
3	886	0.0
3	887	0.0
3	888	0.0
3	889	0.0
3	890	0.0
3	891	0.0
3	892	0.0
3	893	0.0
3	894	0.0
3	895	0.0
3	896	0.0
3	897	0.0
3	898	0.0
3	899	0.0
3	900	0.0
3	901	0.0
3	902	0.0
3	903	0.0
3	904	0.0
3	905	0.0
3	906	0.0
3	907	0.0
3	908	0.0
3	909	0.0
3	910	0.0
3	911	0.0
3	912	0.0
3	913	0.0
3	914	0.0
3	915	0.0
3	916	0.0
3	917	0.0
3	918	0.0
3	919	0.0
3	920	0.0
3	921	0.0
3	922	0.0
3	923	0.0
3	924	0.0
3	925	0.0
3	926	0.0
3	927	0.0
3	928	0.0
3	929	0.0
3	930	0.0
3	931	0.0
3	932	0.0
3	933	0.0
3	934	0.0
3	935	0.0
3	936	0.0
3	937	0.0
3	938	0.0
3	939	0.0
3	940	0.0
3	941	0.0
3	942	0.0
3	943	0.0
3	944	0.0
3	945	0.0
3	946	0.0
3	947	0.0
3	948	0.0
3	949	0.0
3	950	0.0
3	951	0.0
3	952	0.0
3	953	0.0
3	954	0.0
3	955	0.0
3	956	0.0
3	957	0.0
3	958	0.0
3	959	0.0
3	960	0.0
3	961	0.0
3	962	0.0
3	963	0.0
3	964	0.0
3	965	0.0
3	966	0.0
3	967	0.0
3	968	0.0
3	969	0.0
3	970	0.0
3	971	0.0
3	972	0.0
3	973	0.0
3	974	0.0
3	975	0.0
3	976	0.0
3	977	0.0
3	978	0.0
3	979	0.0
3	980	0.0
3	981	0.0
3	982	0.0
3	983	0.0
3	984	0.0
3	985	0.0
3	986	0.0
3	987	0.0
3	988	0.0
3	989	0.0
3	990	0.0
3	991	0.0
3	992	0.0
3	993	0.0
3	994	0.0
3	995	0.0
3	996	0.0
3	997	0.0
3	998	0.0
3	999	0.0
3	1000	0.0
3	1001	0.0
3	1002	0.0
3	1003	0.0
3	1004	0.0
3	1005	0.0
3	1006	0.0
3	1007	0.0
3	1008	0.0
3	1009	0.0
3	1010	0.0
3	1011	0.0
3	1012	0.0
3	1013	0.0
3	1014	0.0
3	1015	0.0
3	1016	0.0
3	1017	0.0
3	1018	0.0
3	1019	0.0
3	1020	0.0
3	1021	0.0
3	1022	0.0
3	1023	0.0
3	1024	0.0
3	1025	0.0
3	1026	0.0
3	1027	0.0
3	1028	0.0
3	1029	0.0
3	1030	0.0
3	1031	0.0
3	1032	0.0
3	1033	0.0
3	1034	0.0
3	1035	0.0
3	1036	0.0
3	1037	0.0
3	1038	0.0
3	1039	0.0
3	1040	0.0
3	1041	0.0
3	1042	0.0
3	1043	0.0
3	1044	0.0
3	1045	0.0
3	1046	0.0
3	1047	0.0
3	1048	0.0
3	1049	0.0
3	1050	0.0
3	1051	0.0
3	1052	0.0
3	1053	0.0
3	1054	0.0
3	1055	0.0
3	1056	0.0
3	1057	0.0
3	1058	0.0
3	1059	0.0
3	1060	0.0
3	1061	0.0
3	1062	0.0
3	1063	0.0
3	1064	0.0
3	1065	0.0
3	1066	0.0
3	1067	0.0
3	1068	0.0
3	1069	0.0
3	1070	0.0
3	1071	0.0
3	1072	0.0
3	1073	0.0
3	1074	0.0
3	1075	0.0
3	1076	0.0
4	1077	0.0
4	1078	0.0
4	1079	0.0
4	1080	0.0
4	1081	0.0
4	1082	0.0
4	1083	0.0
4	1084	0.0
4	1085	0.0
4	1086	0.0
4	1087	0.0
4	1088	0.0
4	1089	0.0
4	1090	0.0
4	1091	0.0
4	1092	0.0
4	1093	0.0
4	1094	0.0
4	1095	0.0
4	1096	0.0
4	1097	0.0
4	1098	0.0
4	1099	0.0
4	1100	0.0
4	1101	0.0
4	1102	0.0
4	1103	0.0
4	1104	0.0
4	1105	0.0
4	1106	0.0
4	1107	0.0
4	1108	0.0
4	1109	0.0
4	1110	0.0
4	1111	0.0
4	1112	0.0
4	1113	0.0
4	1114	0.0
4	1115	0.0
4	1116	0.0
4	1117	0.0
4	1118	0.0
4	1119	0.0
4	1120	0.0
4	1121	0.0
4	1122	0.0
4	1123	0.0
4	1124	0.0
4	1125	0.0
4	1126	0.0
4	1127	0.0
4	1128	0.0
4	1129	0.0
4	1130	0.0
4	1131	0.0
4	1132	0.0
4	1133	0.0
4	1134	0.0
4	1135	0.0
4	1136	0.0
4	1137	0.0
4	1138	0.0
4	1139	0.0
4	1140	0.0
4	1141	0.0
4	1142	0.0
4	1143	0.0
4	1144	0.0
4	1145	0.0
4	1146	0.0
4	1147	0.0
4	1148	0.0
4	1149	0.0
4	1150	0.0
4	1151	0.0
4	1152	0.0
4	1153	0.0
4	1154	0.0
4	1155	0.0
4	1156	0.0
4	1157	0.0
4	1158	0.0
4	1159	0.0
4	1160	0.0
4	1161	0.0
4	1162	0.0
4	1163	0.0
4	1164	0.0
4	1165	0.0
4	1166	0.0
4	1167	0.0
4	1168	0.0
4	1169	0.0
4	1170	0.0
4	1171	0.0
4	1172	0.0
4	1173	0.0
4	1174	0.0
4	1175	0.0
4	1176	0.0
4	1177	0.0
4	1178	0.0
4	1179	0.0
4	1180	0.0
5	1181	0.0
5	1182	0.0
5	1183	0.0
5	1184	0.0
5	1185	0.0
5	1186	0.0
5	1187	0.0
5	1188	0.0
5	1189	0.0
5	1190	0.0
5	1191	0.0
5	1192	0.0
5	1193	0.0
5	1194	0.0
5	1195	0.0
5	1196	0.0
5	1197	0.0
5	1198	0.0
5	1199	0.0
5	1200	0.0
5	1201	0.0
5	1202	0.0
5	1203	0.0
5	1204	0.0
5	1205	0.0
5	1206	0.0
5	1207	0.0
5	1208	0.0
5	1209	0.0
5	1210	0.0
5	1211	0.0
5	1212	0.0
5	1213	0.0
5	1214	0.0
5	1215	0.0
5	1216	0.0
5	1217	0.0
5	1218	0.0
5	1219	0.0
5	1220	0.0
5	1221	0.0
5	1222	0.0
5	1223	0.0
5	1224	0.0
5	1225	0.0
5	1226	0.0
5	1227	0.0
5	1228	0.0
5	1229	0.0
5	1230	0.0
5	1231	0.0
5	1232	0.0
5	1233	0.0
5	1234	0.0
5	1235	0.0
5	1236	0.0
5	1237	0.0
5	1238	0.0
5	1239	0.0
5	1240	0.0
5	1241	0.0
5	1242	0.0
5	1243	0.0
5	1244	0.0
5	1245	0.0
5	1246	0.0
5	1247	0.0
5	1248	0.0
5	1249	0.0
5	1250	0.0
5	1251	0.0
5	1252	0.0
5	1253	0.0
5	1254	0.0
5	1255	0.0
5	1256	0.0
5	1257	0.0
5	1258	0.0
5	1259	0.0
5	1260	0.0
5	1261	0.0
5	1262	0.0
5	1263	0.0
5	1264	0.0
5	1265	0.0
5	1266	0.0
5	1267	0.0
5	1268	0.0
5	1269	0.0
5	1270	0.0
5	1271	0.0
5	1272	0.0
5	1273	0.0
5	1274	0.0
5	1275	0.0
5	1276	0.0
5	1277	0.0
5	1278	0.0
5	1279	0.0
5	1280	0.0
5	1281	0.0
5	1282	0.0
5	1283	0.0
5	1284	0.0
5	1285	0.0
5	1286	0.0
5	1287	0.0
5	1288	0.0
5	1289	0.0
5	1290	0.0
5	1291	0.0
5	1292	0.0
5	1293	0.0
5	1294	0.0
5	1295	0.0
5	1296	0.0
5	1297	0.0
5	1298	0.0
5	1299	0.0
5	1300	0.0
5	1301	0.0
5	1302	0.0
5	1303	0.0
5	1304	0.0
5	1305	0.0
5	1306	0.0
5	1307	0.0
5	1308	0.0
5	1309	0.0
5	1310	0.0
5	1311	0.0
5	1312	0.0
5	1313	0.0
5	1314	0.0
5	1315	0.0
5	1316	0.0
5	1317	0.0
5	1318	0.0
5	1319	0.0
5	1320	0.0
5	1321	0.0
5	1322	0.0
5	1323	0.0
5	1324	0.0
5	1325	0.0
5	1326	0.0
5	1327	0.0
5	1328	0.0
5	1329	0.0
5	1330	0.0
6	1331	0.0
6	1332	0.0
6	1333	0.0
6	1334	0.0
6	1335	0.0
6	1336	0.0
6	1337	0.0
6	1338	0.0
6	1339	0.0
6	1340	0.0
6	1341	0.0
6	1342	0.0
6	1343	0.0
6	1344	0.0
6	1345	0.0
6	1346	0.0
6	1347	0.0
6	1348	0.0
6	1349	0.0
6	1350	0.0
6	1351	0.0
6	1352	0.0
6	1353	0.0
6	1354	0.0
6	1355	0.0
6	1356	0.0
6	1357	0.0
6	1358	0.0
6	1359	0.0
6	1360	0.0
6	1361	0.0
6	1362	0.0
6	1363	0.0
6	1364	0.0
6	1365	0.0
6	1366	0.0
6	1367	0.0
6	1368	0.0
6	1369	0.0
6	1370	0.0
6	1371	0.0
6	1372	0.0
6	1373	0.0
6	1374	0.0
6	1375	0.0
6	1376	0.0
6	1377	0.0
6	1378	0.0
6	1379	0.0
6	1380	0.0
6	1381	0.0
6	1382	0.0
6	1383	0.0
6	1384	0.0
6	1385	0.0
6	1386	0.0
6	1387	0.0
6	1388	0.0
6	1389	0.0
6	1390	0.0
6	1391	0.0
6	1392	0.0
6	1393	0.0
6	1394	0.0
6	1395	0.0
6	1396	0.0
6	1397	0.0
6	1398	0.0
6	1399	0.0
6	1400	0.0
6	1401	0.0
6	1402	0.0
6	1403	0.0
6	1404	0.0
6	1405	0.0
6	1406	0.0
6	1407	0.0
6	1408	0.0
6	1409	0.0
6	1410	0.0
6	1411	0.0
6	1412	0.0
6	1413	0.0
6	1414	0.0
6	1415	0.0
6	1416	0.0
6	1417	0.0
6	1418	0.0
6	1419	0.0
6	1420	0.0
6	1421	0.0
6	1422	0.0
6	1423	0.0
6	1424	0.0
6	1425	0.0
6	1426	0.0
6	1427	0.0
6	1428	0.0
6	1429	0.0
6	1430	0.0
6	1431	0.0
6	1432	0.0
6	1433	0.0
6	1434	0.0
6	1435	0.0
6	1436	0.0
6	1437	0.0
6	1438	0.0
6	1439	0.0
6	1440	0.0
6	1441	0.0
6	1442	0.0
6	1443	0.0
6	1444	0.0
6	1445	0.0
6	1446	0.0
6	1447	0.0
6	1448	0.0
6	1449	0.0
6	1450	0.0
6	1451	0.0
6	1452	0.0
6	1453	0.0
6	1454	0.0
6	1455	0.0
6	1456	0.0
6	1457	0.0
6	1458	0.0
6	1459	0.0
6	1460	0.0
6	1461	0.0
6	1462	0.0
6	1463	0.0
6	1464	0.0
6	1465	0.0
6	1466	0.0
6	1467	0.0
6	1468	0.0
6	1469	0.0
6	1470	0.0
6	1471	0.0
6	1472	0.0
6	1473	0.0
6	1474	0.0
6	1475	0.0
6	1476	0.0
6	1477	0.0
6	1478	0.0
6	1479	0.0
6	1480	0.0
6	1481	0.0
6	1482	0.0
6	1483	0.0
6	1484	0.0
6	1485	0.0
6	1486	0.0
6	1487	0.0
6	1488	0.0
6	1489	0.0
6	1490	0.0
6	1491	0.0
6	1492	0.0
6	1493	0.0
6	1494	0.0
6	1495	0.0
6	1496	0.0
6	1497	0.0
6	1498	0.0
6	1499	0.0
6	1500	0.0
6	1501	0.0
6	1502	0.0
6	1503	0.0
6	1504	0.0
6	1505	0.0
6	1506	0.0
6	1507	0.0
6	1508	0.0
6	1509	0.0
6	1510	0.0
6	1511	0.0
6	1512	0.0
6	1513	0.0
6	1514	0.0
6	1515	0.0
6	1516	0.0
6	1517	0.0
6	1518	0.0
6	1519	0.0
6	1520	0.0
6	1521	0.0
6	1522	0.0
6	1523	0.0
6	1524	0.0
6	1525	0.0
6	1526	0.0
6	1527	0.0
6	1528	0.0
6	1529	0.0
6	1530	0.0
6	1531	0.0
6	1532	0.0
6	1533	0.0
6	1534	0.0
6	1535	0.0
6	1536	0.0
6	1537	0.0
6	1538	0.0
6	1539	0.0
6	1540	0.0
6	1541	0.0
6	1542	0.0
6	1543	0.0
6	1544	0.0
6	1545	0.0
6	1546	0.0
6	1547	0.0
6	1548	0.0
6	1549	0.0
6	1550	0.0
6	1551	0.0
6	1552	0.0
6	1553	0.0
6	1554	0.0
6	1555	0.0
6	1556	0.0
6	1557	0.0
6	1558	0.0
6	1559	0.0
6	1560	0.0
6	1561	0.0
6	1562	0.0
6	1563	0.0
6	1564	0.0
6	1565	0.0
6	1566	0.0
6	1567	0.0
6	1568	0.0
6	1569	0.0
6	1570	0.0
6	1571	0.0
6	1572	0.0
6	1573	0.0
6	1574	0.0
6	1575	0.0
6	1576	0.0
6	1577	0.0
6	1578	0.0
6	1579	0.0
6	1580	0.0
6	1581	0.0
6	1582	0.0
6	1583	0.0
6	1584	0.0
6	1585	0.0
6	1586	0.0
6	1587	0.0
6	1588	0.0
6	1589	0.0
6	1590	0.0
6	1591	0.0
6	1592	0.0
6	1593	0.0
6	1594	0.0
6	1595	0.0
6	1596	0.0
6	1597	0.0
6	1598	0.0
6	1599	0.0
6	1600	0.0
6	1601	0.0
6	1602	0.0
6	1603	0.0
6	1604	0.0
6	1605	0.0
6	1606	0.0
6	1607	0.0
6	1608	0.0
6	1609	0.0
6	1610	0.0
6	1611	0.0
6	1612	0.0
6	1613	0.0
6	1614	0.0
6	1615	0.0
6	1616	0.0
6	1617	0.0
6	1618	0.0
6	1619	0.0
6	1620	0.0
6	1621	0.0
6	1622	0.0
6	1623	0.0
6	1624	0.0
6	1625	0.0
6	1626	0.0
6	1627	0.0
6	1628	0.0
6	1629	0.0
6	1630	0.0
6	1631	0.0
6	1632	0.0
6	1633	0.0
6	1634	0.0
6	1635	0.0
6	1636	0.0
6	1637	0.0
6	1638	0.0
6	1639	0.0
6	1640	0.0
6	1641	0.0
6	1642	0.0
6	1643	0.0
6	1644	0.0
6	1645	0.0
6	1646	0.0
6	1647	0.0
6	1648	0.0
6	1649	0.0
6	1650	0.0
6	1651	0.0
6	1652	0.0
6	1653	0.0
6	1654	0.0
6	1655	0.0
6	1656	0.0
6	1657	0.0
6	1658	0.0
6	1659	0.0
6	1660	0.0
6	1661	0.0
6	1662	0.0
6	1663	0.0
6	1664	0.0
6	1665	0.0
6	1666	0.0
6	1667	0.0
6	1668	0.0
6	1669	0.0
6	1670	0.0
6	1671	0.0
6	1672	0.0
6	1673	0.0
6	1674	0.0
6	1675	0.0
6	1676	0.0
6	1677	0.0
6	1678	0.0
6	1679	0.0
6	1680	0.0
6	1681	0.0
6	1682	0.0
6	1683	0.0
6	1684	0.0
6	1685	0.0
6	1686	0.0
6	1687	0.0
6	1688	0.0
6	1689	0.0
6	1690	0.0
6	1691	0.0
6	1692	0.0
6	1693	0.0
6	1694	0.0
6	1695	0.0
6	1696	0.0
6	1697	0.0
6	1698	0.0
6	1699	0.0
6	1700	0.0
6	1701	0.0
6	1702	0.0
6	1703	0.0
6	1704	0.0
6	1705	0.0
6	1706	0.0
6	1707	0.0
6	1708	0.0
6	1709	0.0
6	1710	0.0
6	1711	0.0
6	1712	0.0
6	1713	0.0
6	1714	0.0
6	1715	0.0
6	1716	0.0
6	1717	0.0
6	1718	0.0
6	1719	0.0
6	1720	0.0
6	1721	0.0
6	1722	0.0
6	1723	0.0
6	1724	0.0
6	1725	0.0
6	1726	0.0
6	1727	0.0
6	1728	0.0
6	1729	0.0
6	1730	0.0
6	1731	0.0
6	1732	0.0
6	1733	0.0
6	1734	0.0
6	1735	0.0
6	1736	0.0
6	1737	0.0
6	1738	0.0
6	1739	0.0
6	1740	0.0
6	1741	0.0
6	1742	0.0
6	1743	0.0
6	1744	0.0
6	1745	0.0
6	1746	0.0
6	1747	0.0
6	1748	0.0
6	1749	0.0
6	1750	0.0
6	1751	0.0
6	1752	0.0
6	1753	0.0
6	1754	0.0
6	1755	0.0
6	1756	0.0
6	1757	0.0
6	1758	0.0
6	1759	0.0
6	1760	0.0
6	1761	0.0
6	1762	0.0
6	1763	0.0
6	1764	0.0
6	1765	0.0
6	1766	0.0
6	1767	0.0
6	1768	0.0
6	1769	0.0
6	1770	0.0
6	1771	0.0
6	1772	0.0
6	1773	0.0
6	1774	0.0
6	1775	0.0
6	1776	0.0
6	1777	0.0
6	1778	0.0
6	1779	0.0
6	1780	0.0
6	1781	0.0
6	1782	0.0
6	1783	0.0
6	1784	0.0
6	1785	0.0
6	1786	0.0
6	1787	0.0
6	1788	0.0
6	1789	0.0
6	1790	0.0
6	1791	0.0
6	1792	0.0
6	1793	0.0
6	1794	0.0
6	1795	0.0
6	1796	0.0
6	1797	0.0
6	1798	0.0
6	1799	0.0
6	1800	0.0
6	1801	0.0
6	1802	0.0
6	1803	0.0
6	1804	0.0
6	1805	0.0
6	1806	0.0
6	1807	0.0
6	1808	0.0
6	1809	0.0
6	1810	0.0
6	1811	0.0
6	1812	0.0
6	1813	0.0
6	1814	0.0
6	1815	0.0
6	1816	0.0
6	1817	0.0
6	1818	0.0
6	1819	0.0
6	1820	0.0
6	1821	0.0
6	1822	0.0
6	1823	0.0
6	1824	0.0
6	1825	0.0
6	1826	0.0
6	1827	0.0
6	1828	0.0
6	1829	0.0
6	1830	0.0
6	1831	0.0
6	1832	0.0
6	1833	0.0
6	1834	0.0
6	1835	0.0
6	1836	0.0
6	1837	0.0
6	1838	0.0
6	1839	0.0
6	1840	0.0
6	1841	0.0
6	1842	0.0
6	1843	0.0
6	1844	0.0
6	1845	0.0
6	1846	0.0
7	1847	0.0
7	1848	0.0
7	1849	0.0
7	1850	0.0
7	1851	0.0
7	1852	0.0
7	1853	0.0
7	1854	0.0
7	1855	0.0
7	1856	0.0
7	1857	0.0
7	1858	0.0
7	1859	0.0
7	1860	0.0
7	1861	0.0
7	1862	0.0
7	1863	0.0
7	1864	0.0
7	1865	0.0
7	1866	0.0
7	1867	0.0
7	1868	0.0
7	1869	0.0
7	1870	0.0
7	1871	0.0
7	1872	0.0
7	1873	0.0
7	1874	0.0
7	1875	0.0
7	1876	0.0
7	1877	0.0
7	1878	0.0
7	1879	0.0
7	1880	0.0
7	1881	0.0
7	1882	0.0
7	1883	0.0
7	1884	0.0
7	1885	0.0
7	1886	0.0
7	1887	0.0
7	1888	0.0
7	1889	0.0
7	1890	0.0
7	1891	0.0
7	1892	0.0
7	1893	0.0
7	1894	0.0
7	1895	0.0
7	1896	0.0
7	1897	0.0
7	1898	0.0
7	1899	0.0
7	1900	0.0
7	1901	0.0
7	1902	0.0
7	1903	0.0
7	1904	0.0
7	1905	0.0
7	1906	0.0
7	1907	0.0
7	1908	0.0
7	1909	0.0
7	1910	0.0
7	1911	0.0
7	1912	0.0
7	1913	0.0
7	1914	0.0
7	1915	0.0
7	1916	0.0
7	1917	0.0
7	1918	0.0
7	1919	0.0
7	1920	0.0
7	1921	0.0
7	1922	0.0
7	1923	0.0
7	1924	0.0
7	1925	0.0
7	1926	0.0
7	1927	0.0
7	1928	0.0
7	1929	0.0
7	1930	0.0
7	1931	0.0
7	1932	0.0
7	1933	0.0
7	1934	0.0
7	1935	0.0
7	1936	0.0
7	1937	0.0
7	1938	0.0
7	1939	0.0
7	1940	0.0
7	1941	0.0
7	1942	0.0
7	1943	0.0
7	1944	0.0
7	1945	0.0
7	1946	0.0
7	1947	0.0
7	1948	0.0
7	1949	0.0
7	1950	0.0
7	1951	0.0
7	1952	0.0
7	1953	0.0
7	1954	0.0
7	1955	0.0
7	1956	0.0
7	1957	0.0
7	1958	0.0
7	1959	0.0
7	1960	0.0
7	1961	0.0
7	1962	0.0
7	1963	0.0
7	1964	0.0
7	1965	0.0
7	1966	0.0
7	1967	0.0
7	1968	0.0
7	1969	0.0
7	1970	0.0
7	1971	0.0
7	1972	0.0
7	1973	0.0
7	1974	0.0
7	1975	0.0
7	1976	0.0
7	1977	0.0
7	1978	0.0
7	1979	0.0
7	1980	0.0
7	1981	0.0
7	1982	0.0
7	1983	0.0
7	1984	0.0
7	1985	0.0
7	1986	0.0
7	1987	0.0
7	1988	0.0
7	1989	0.0
7	1990	0.0
7	1991	0.0
7	1992	0.0
7	1993	0.0
7	1994	0.0
7	1995	0.0
7	1996	0.0
7	1997	0.0
7	1998	0.0
7	1999	0.0
7	2000	0.0
7	2001	0.0
7	2002	0.0
7	2003	0.0
7	2004	0.0
7	2005	0.0
7	2006	0.0
7	2007	0.0
7	2008	0.0
7	2009	0.0
7	2010	0.0
7	2011	0.0
7	2012	0.0
7	2013	0.0
7	2014	0.0
7	2015	0.0
7	2016	0.0
7	2017	0.0
7	2018	0.0
7	2019	0.0
7	2020	0.0
7	2021	0.0
7	2022	0.0
7	2023	0.0
7	2024	0.0
7	2025	0.0
7	2026	0.0
7	2027	0.0
7	2028	0.0
7	2029	0.0
7	2030	0.0
7	2031	0.0
7	2032	0.0
7	2033	0.0
7	2034	0.0
7	2035	0.0
7	2036	0.0
7	2037	0.0
7	2038	0.0
7	2039	0.0
7	2040	0.0
7	2041	0.0
7	2042	0.0
7	2043	0.0
7	2044	0.0
7	2045	0.0
7	2046	0.0
7	2047	0.0
7	2048	0.0
7	2049	0.0
7	2050	0.0
7	2051	0.0
7	2052	0.0
7	2053	0.0
7	2054	0.0
7	2055	0.0
7	2056	0.0
7	2057	0.0
7	2058	0.0
7	2059	0.0
7	2060	0.0
7	2061	0.0
7	2062	0.0
7	2063	0.0
7	2064	0.0
7	2065	0.0
7	2066	0.0
7	2067	0.0
7	2068	0.0
7	2069	0.0
7	2070	0.0
7	2071	0.0
7	2072	0.0
7	2073	0.0
7	2074	0.0
7	2075	0.0
7	2076	0.0
7	2077	0.0
7	2078	0.0
7	2079	0.0
7	2080	0.0
7	2081	0.0
7	2082	0.0
7	2083	0.0
7	2084	0.0
7	2085	0.0
7	2086	0.0
7	2087	0.0
7	2088	0.0
7	2089	0.0
7	2090	0.0
7	2091	0.0
7	2092	0.0
7	2093	0.0
7	2094	0.0
7	2095	0.0
7	2096	0.0
7	2097	0.0
7	2098	0.0
7	2099	0.0
7	2100	0.0
7	2101	0.0
7	2102	0.0
7	2103	0.0
7	2104	0.0
7	2105	0.0
7	2106	0.0
7	2107	0.0
7	2108	0.0
7	2109	0.0
7	2110	0.0
7	2111	0.0
7	2112	0.0
7	2113	0.0
7	2114	0.0
7	2115	0.0
7	2116	0.0
7	2117	0.0
7	2118	0.0
7	2119	0.0
7	2120	0.0
7	2121	0.0
7	2122	0.0
7	2123	0.0
7	2124	0.0
7	2125	0.0
7	2126	0.0
7	2127	0.0
7	2128	0.0
7	2129	0.0
7	2130	0.0
7	2131	0.0
7	2132	0.0
7	2133	0.0
7	2134	0.0
7	2135	0.0
7	2136	0.0
7	2137	0.0
7	2138	0.0
7	2139	0.0
7	2140	0.0
7	2141	0.0
7	2142	0.0
7	2143	0.0
7	2144	0.0
7	2145	0.0
7	2146	0.0
7	2147	0.0
7	2148	0.0
7	2149	0.0
7	2150	0.0
7	2151	0.0
7	2152	0.0
7	2153	0.0
7	2154	0.0
7	2155	0.0
7	2156	0.0
7	2157	0.0
7	2158	0.0
7	2159	0.0
7	2160	0.0
7	2161	0.0
7	2162	0.0
7	2163	0.0
7	2164	0.0
7	2165	0.0
7	2166	0.0
7	2167	0.0
7	2168	0.0
7	2169	0.0
7	2170	0.0
7	2171	0.0
7	2172	0.0
7	2173	0.0
7	2174	0.0
7	2175	0.0
7	2176	0.0
7	2177	0.0
7	2178	0.0
7	2179	0.0
7	2180	0.0
7	2181	0.0
7	2182	0.0
7	2183	0.0
7	2184	0.0
7	2185	0.0
7	2186	0.0
7	2187	0.0
7	2188	0.0
7	2189	0.0
7	2190	0.0
7	2191	0.0
7	2192	0.0
7	2193	0.0
7	2194	0.0
7	2195	0.0
7	2196	0.0
7	2197	0.0
7	2198	0.0
7	2199	0.0
7	2200	0.0
7	2201	0.0
7	2202	0.0
7	2203	0.0
7	2204	0.0
7	2205	0.0
7	2206	0.0
7	2207	0.0
7	2208	0.0
7	2209	0.0
7	2210	0.0
7	2211	0.0
7	2212	0.0
7	2213	0.0
7	2214	0.0
7	2215	0.0
7	2216	0.0
7	2217	0.0
7	2218	0.0
7	2219	0.0
7	2220	0.0
7	2221	0.0
7	2222	0.0
7	2223	0.0
7	2224	0.0
8	2225	0.0
8	2226	0.0
8	2227	0.0
8	2228	0.0
8	2229	0.0
8	2230	0.0
8	2231	0.0
8	2232	0.0
8	2233	0.0
8	2234	0.0
8	2235	0.0
8	2236	0.0
8	2237	0.0
8	2238	0.0
8	2239	0.0
8	2240	0.0
8	2241	0.0
8	2242	0.0
8	2243	0.0
8	2244	0.0
8	2245	0.0
8	2246	0.0
8	2247	0.0
8	2248	0.0
8	2249	0.0
8	2250	0.0
8	2251	0.0
8	2252	0.0
8	2253	0.0
8	2254	0.0
8	2255	0.0
8	2256	0.0
8	2257	0.0
8	2258	0.0
8	2259	0.0
8	2260	0.0
8	2261	0.0
8	2262	0.0
8	2263	0.0
8	2264	0.0
8	2265	0.0
8	2266	0.0
8	2267	0.0
8	2268	0.0
8	2269	0.0
8	2270	0.0
8	2271	0.0
8	2272	0.0
8	2273	0.0
8	2274	0.0
8	2275	0.0
8	2276	0.0
8	2277	0.0
8	2278	0.0
8	2279	0.0
8	2280	0.0
8	2281	0.0
8	2282	0.0
8	2283	0.0
8	2284	0.0
8	2285	0.0
8	2286	0.0
8	2287	0.0
8	2288	0.0
8	2289	0.0
8	2290	0.0
8	2291	0.0
8	2292	0.0
8	2293	0.0
8	2294	0.0
8	2295	0.0
8	2296	0.0
8	2297	0.0
8	2298	0.0
8	2299	0.0
8	2300	0.0
8	2301	0.0
8	2302	0.0
8	2303	0.0
8	2304	0.0
8	2305	0.0
8	2306	0.0
8	2307	0.0
8	2308	0.0
8	2309	0.0
8	2310	0.0
8	2311	0.0
8	2312	0.0
8	2313	0.0
8	2314	0.0
8	2315	0.0
8	2316	0.0
8	2317	0.0
8	2318	0.0
8	2319	0.0
8	2320	0.0
8	2321	0.0
8	2322	0.0
8	2323	0.0
8	2324	0.0
8	2325	0.0
8	2326	0.0
8	2327	0.0
8	2328	0.0
8	2329	0.0
8	2330	0.0
8	2331	0.0
8	2332	0.0
8	2333	0.0
8	2334	0.0
8	2335	0.0
8	2336	0.0
8	2337	0.0
8	2338	0.0
8	2339	0.0
8	2340	0.0
8	2341	0.0
8	2342	0.0
8	2343	0.0
8	2344	0.0
8	2345	0.0
8	2346	0.0
8	2347	0.0
8	2348	0.0
8	2349	0.0
8	2350	0.0
8	2351	0.0
8	2352	0.0
8	2353	0.0
8	2354	0.0
8	2355	0.0
8	2356	0.0
8	2357	0.0
8	2358	0.0
8	2359	0.0
8	2360	0.0
9	2361	0.0
9	2362	0.0
9	2363	0.0
9	2364	0.0
9	2365	0.0
9	2366	0.0
9	2367	0.0
9	2368	0.0
9	2369	0.0
9	2370	0.0
9	2371	0.0
9	2372	0.0
9	2373	0.0
9	2374	0.0
9	2375	0.0
9	2376	0.0
9	2377	0.0
9	2378	0.0
9	2379	0.0
9	2380	0.0
9	2381	0.0
9	2382	0.0
9	2383	0.0
9	2384	0.0
9	2385	0.0
9	2386	0.0
9	2387	0.0
9	2388	0.0
9	2389	0.0
9	2390	0.0
9	2391	0.0
9	2392	0.0
9	2393	0.0
9	2394	0.0
9	2395	0.0
9	2396	0.0
9	2397	0.0
9	2398	0.0
9	2399	0.0
9	2400	0.0
9	2401	0.0
9	2402	0.0
9	2403	0.0
9	2404	0.0
9	2405	0.0
9	2406	0.0
9	2407	0.0
9	2408	0.0
9	2409	0.0
9	2410	0.0
9	2411	0.0
9	2412	0.0
9	2413	0.0
9	2414	0.0
9	2415	0.0
9	2416	0.0
9	2417	0.0
9	2418	0.0
9	2419	0.0
9	2420	0.0
9	2421	0.0
9	2422	0.0
9	2423	0.0
9	2424	0.0
9	2425	0.0
9	2426	0.0
9	2427	0.0
9	2428	0.0
9	2429	0.0
9	2430	0.0
9	2431	0.0
9	2432	0.0
9	2433	0.0
9	2434	0.0
9	2435	0.0
9	2436	0.0
9	2437	0.0
9	2438	0.0
9	2439	0.0
9	2440	0.0
9	2441	0.0
9	2442	0.0
9	2443	0.0
9	2444	0.0
9	2445	0.0
9	2446	0.0
9	2447	0.0
9	2448	0.0
9	2449	0.0
9	2450	0.0
9	2451	0.0
9	2452	0.0
9	2453	0.0
9	2454	0.0
9	2455	0.0
9	2456	0.0
9	2457	0.0
9	2458	0.0
9	2459	0.0
9	2460	0.0
9	2461	0.0
9	2462	0.0
9	2463	0.0
9	2464	0.0
9	2465	0.0
9	2466	0.0
9	2467	0.0
9	2468	0.0
9	2469	0.0
9	2470	0.0
9	2471	0.0
9	2472	0.0
9	2473	0.0
9	2474	0.0
9	2475	0.0
9	2476	0.0
9	2477	0.0
9	2478	0.0
9	2479	0.0
9	2480	0.0
9	2481	0.0
9	2482	0.0
9	2483	0.0
9	2484	0.0
9	2485	0.0
9	2486	0.0
9	2487	0.0
9	2488	0.0
9	2489	0.0
9	2490	0.0
9	2491	0.0
9	2492	0.0
9	2493	0.0
9	2494	0.0
9	2495	0.0
9	2496	0.0
9	2497	0.0
9	2498	0.0
9	2499	0.0
9	2500	0.0
9	2501	0.0
9	2502	0.0
9	2503	0.0
9	2504	0.0
9	2505	0.0
9	2506	0.0
9	2507	0.0
9	2508	0.0
9	2509	0.0
9	2510	0.0
9	2511	0.0
9	2512	0.0
9	2513	0.0
9	2514	0.0
9	2515	0.0
9	2516	0.0
9	2517	0.0
9	2518	0.0
9	2519	0.0
9	2520	0.0
9	2521	0.0
9	2522	0.0
9	2523	0.0
9	2524	0.0
9	2525	0.0
9	2526	0.0
9	2527	0.0
9	2528	0.0
9	2529	0.0
9	2530	0.0
9	2531	0.0
9	2532	0.0
9	2533	0.0
9	2534	0.0
9	2535	0.0
9	2536	0.0
9	2537	0.0
9	2538	0.0
9	2539	0.0
9	2540	0.0
9	2541	0.0
9	2542	0.0
9	2543	0.0
9	2544	0.0
9	2545	0.0
9	2546	0.0
9	2547	0.0
9	2548	0.0
9	2549	0.0
9	2550	0.0
9	2551	0.0
9	2552	0.0
