0	0	0.0
0	1	0.0
0	2	0.0
0	3	0.0
0	4	0.0
0	5	0.0
0	6	0.0
0	7	0.0
0	8	0.0
0	9	0.0
0	10	0.0
0	11	0.0
0	12	0.0
0	13	0.0
0	14	0.0
0	15	0.0
0	16	0.0
0	17	0.0
0	18	0.0
0	19	0.0
0	20	0.0
0	21	0.0
0	22	0.0
0	23	0.0
0	24	0.0
0	25	0.0
0	26	0.0
0	27	0.0
0	28	0.0
0	29	0.0
0	30	0.0
0	31	0.0
0	32	0.0
0	33	0.0
0	34	0.0
0	35	0.0
0	36	0.0
0	37	0.0
0	38	0.0
0	39	0.0
0	40	0.0
0	41	0.0
0	42	0.0
0	43	0.0
0	44	0.0
0	45	0.0
0	46	0.0
0	47	0.0
0	48	0.0
0	49	0.0
0	50	0.0
0	51	0.0
0	52	0.0
0	53	0.0
0	54	0.0
0	55	0.0
0	56	0.0
0	57	0.0
0	58	0.0
0	59	0.0
0	60	0.0
0	61	0.0
0	62	0.0
0	63	1.0
0	64	0.0
0	65	0.0
0	66	0.0
0	67	0.0
0	68	0.0
0	69	0.0
0	70	0.0
0	71	0.0
0	72	0.0
0	73	0.0
0	74	0.0
0	75	0.0
0	76	0.0
0	77	1.0
0	78	0.0
0	79	0.0
0	80	1.0
0	81	0.0
0	82	0.0
0	83	0.0
0	84	0.0
0	85	1.0
0	86	0.0
0	87	0.0
0	88	0.0
0	89	0.0
0	90	0.0
0	91	0.0
0	92	0.0
0	93	0.0
0	94	0.0
1	95	0.0
1	96	0.0
1	97	0.0
1	98	0.0
1	99	0.0
1	100	0.0
1	101	0.0
1	102	0.0
1	103	0.0
1	104	0.0
1	105	0.0
1	106	0.0
1	107	0.0
1	108	0.0
1	109	0.0
1	110	0.0
1	111	0.0
1	112	0.0
1	113	0.0
1	114	0.0
1	115	0.0
1	116	0.0
1	117	0.0
1	118	0.0
1	119	0.0
1	120	0.0
1	121	0.0
1	122	0.0
1	123	0.0
1	124	0.0
1	125	0.0
1	126	0.0
1	127	0.0
1	128	0.0
1	129	0.0
1	130	0.0
1	131	0.0
1	132	0.0
1	133	0.0
1	134	0.0
1	135	0.0
1	136	0.0
1	137	0.0
1	138	0.0
1	139	0.0
1	140	0.0
1	141	0.0
1	142	0.0
1	143	0.0
1	144	0.0
1	145	0.0
1	146	0.0
1	147	0.0
1	148	0.0
1	149	0.0
1	150	0.0
1	151	0.0
1	152	0.0
1	153	0.0
1	154	0.0
1	155	0.0
1	156	0.0
1	157	0.0
1	158	0.0
1	159	0.0
1	160	0.0
1	161	0.0
1	162	0.0
1	163	0.0
1	164	0.0
1	165	0.0
1	166	0.0
1	167	0.0
1	168	0.0
1	169	0.0
1	170	0.0
1	171	0.0
1	172	0.0
1	173	0.0
1	174	0.0
1	175	0.0
1	176	0.0
1	177	0.0
1	178	0.0
1	179	0.0
1	180	0.0
1	181	0.0
1	182	0.0
1	183	0.0
1	184	0.0
1	185	0.0
1	186	0.0
1	187	0.0
1	188	0.0
1	189	0.0
1	190	0.0
1	191	0.0
1	192	0.0
1	193	0.0
1	194	0.0
1	195	0.0
1	196	0.0
1	197	0.0
1	198	0.0
1	199	0.0
1	200	0.0
1	201	0.0
1	202	0.0
1	203	0.0
1	204	0.0
1	205	0.0
1	206	0.0
1	207	0.0
1	208	0.0
1	209	0.0
1	210	0.0
1	211	0.0
1	212	0.0
1	213	0.0
1	214	0.0
1	215	0.0
1	216	0.0
1	217	0.0
1	218	0.0
1	219	0.0
1	220	0.0
1	221	0.0
1	222	0.0
1	223	0.0
1	224	0.0
1	225	0.0
1	226	0.0
1	227	0.0
1	228	0.0
1	229	0.0
1	230	0.0
1	231	0.0
1	232	0.0
1	233	0.0
1	234	0.0
1	235	0.0
1	236	0.0
1	237	0.0
1	238	0.0
1	239	0.0
1	240	0.0
1	241	0.0
1	242	0.0
1	243	1.0
1	244	0.0
1	245	0.0
1	246	0.0
1	247	0.0
1	248	0.0
1	249	0.0
1	250	0.0
1	251	0.0
1	252	0.0
1	253	0.0
1	254	0.0
1	255	0.0
1	256	0.0
1	257	0.0
1	258	0.0
2	259	0.0
2	260	0.0
2	261	0.0
2	262	0.0
2	263	0.0
2	264	0.0
2	265	0.0
2	266	0.0
2	267	0.0
2	268	0.0
2	269	0.0
2	270	0.0
2	271	0.0
2	272	0.0
2	273	0.0
2	274	0.0
2	275	0.0
2	276	0.0
2	277	0.0
2	278	0.0
2	279	0.0
2	280	0.0
2	281	0.0
2	282	0.0
2	283	0.0
2	284	0.0
2	285	0.0
2	286	0.0
2	287	0.0
2	288	0.0
2	289	0.0
2	290	0.0
2	291	0.0
2	292	0.0
2	293	0.0
2	294	0.0
2	295	0.0
2	296	0.0
2	297	0.0
2	298	1.0
2	299	0.0
2	300	0.0
2	301	0.0
2	302	0.0
2	303	0.0
2	304	0.0
2	305	0.0
2	306	0.0
2	307	0.0
2	308	0.0
2	309	0.0
2	310	0.0
2	311	0.0
2	312	0.0
2	313	0.0
2	314	0.0
2	315	0.0
2	316	0.0
2	317	0.0
2	318	0.0
2	319	0.0
2	320	0.0
2	321	0.0
2	322	0.0
2	323	0.0
2	324	0.0
2	325	0.0
2	326	0.0
2	327	0.0
2	328	0.0
2	329	0.0
2	330	0.0
2	331	0.0
2	332	0.0
2	333	0.0
2	334	0.0
2	335	0.0
2	336	0.0
2	337	0.0
2	338	0.0
2	339	0.0
2	340	0.0
2	341	0.0
2	342	0.0
2	343	0.0
2	344	0.0
2	345	0.0
2	346	0.0
2	347	0.0
2	348	0.0
2	349	0.0
2	350	0.0
2	351	0.0
2	352	0.0
2	353	0.0
2	354	0.0
2	355	0.0
2	356	0.0
2	357	0.0
2	358	0.0
2	359	0.0
2	360	0.0
2	361	0.0
2	362	0.0
2	363	0.0
2	364	0.0
2	365	0.0
2	366	0.0
2	367	0.0
2	368	0.0
2	369	0.0
2	370	0.0
2	371	0.0
2	372	0.0
2	373	0.0
2	374	0.0
2	375	0.0
2	376	0.0
2	377	0.0
2	378	0.0
2	379	0.0
2	380	0.0
2	381	0.0
2	382	0.0
2	383	0.0
2	384	1.0
2	385	0.0
2	386	0.0
2	387	0.0
2	388	0.0
2	389	0.0
2	390	1.0
2	391	0.0
2	392	0.0
2	393	0.0
2	394	0.0
2	395	0.0
2	396	1.0
2	397	0.0
2	398	1.0
2	399	0.0
2	400	0.0
2	401	0.0
2	402	0.0
2	403	0.0
2	404	0.0
2	405	0.0
2	406	0.0
2	407	0.0
2	408	0.0
2	409	0.0
2	410	0.0
2	411	0.0
2	412	0.0
2	413	0.0
2	414	0.0
2	415	0.0
2	416	1.0
2	417	0.0
2	418	0.0
2	419	0.0
2	420	0.0
2	421	0.0
2	422	0.0
2	423	0.0
2	424	0.0
3	425	0.0
3	426	0.0
3	427	0.0
3	428	0.0
3	429	0.0
3	430	0.0
3	431	0.0
3	432	0.0
3	433	0.0
3	434	0.0
3	435	0.0
3	436	0.0
3	437	0.0
3	438	0.0
3	439	1.0
3	440	0.0
3	441	0.0
3	442	0.0
3	443	0.0
3	444	0.0
3	445	0.0
3	446	0.0
3	447	0.0
3	448	0.0
3	449	0.0
3	450	0.0
3	451	0.0
3	452	0.0
3	453	0.0
3	454	0.0
3	455	0.0
3	456	0.0
3	457	0.0
3	458	0.0
3	459	0.0
3	460	0.0
3	461	0.0
3	462	0.0
3	463	0.0
3	464	0.0
3	465	0.0
3	466	0.0
3	467	0.0
3	468	0.0
3	469	0.0
3	470	0.0
3	471	0.0
3	472	0.0
3	473	0.0
3	474	0.0
3	475	0.0
3	476	0.0
3	477	0.0
3	478	0.0
3	479	0.0
3	480	0.0
3	481	0.0
3	482	0.0
3	483	0.0
3	484	0.0
3	485	0.0
3	486	0.0
3	487	0.0
3	488	0.0
3	489	0.0
3	490	0.0
3	491	0.0
3	492	0.0
3	493	0.0
3	494	0.0
3	495	0.0
3	496	0.0
3	497	0.0
3	498	0.0
3	499	0.0
3	500	0.0
3	501	0.0
3	502	0.0
3	503	0.0
3	504	0.0
3	505	0.0
3	506	0.0
3	507	0.0
3	508	0.0
3	509	0.0
3	510	0.0
3	511	0.0
3	512	0.0
3	513	0.0
3	514	0.0
3	515	0.0
3	516	0.0
3	517	0.0
3	518	0.0
3	519	0.0
3	520	0.0
3	521	0.0
3	522	0.0
3	523	0.0
3	524	0.0
3	525	0.0
3	526	0.0
3	527	0.0
3	528	0.0
3	529	0.0
3	530	0.0
3	531	0.0
3	532	0.0
3	533	0.0
3	534	0.0
3	535	0.0
3	536	0.0
3	537	0.0
3	538	0.0
3	539	0.0
3	540	0.0
3	541	0.0
3	542	0.0
3	543	0.0
3	544	0.0
3	545	0.0
3	546	0.0
3	547	0.0
3	548	0.0
3	549	0.0
3	550	0.0
3	551	0.0
3	552	0.0
3	553	0.0
3	554	1.0
3	555	0.0
3	556	0.0
3	557	0.0
3	558	0.0
3	559	0.0
3	560	0.0
3	561	0.0
3	562	0.0
3	563	0.0
3	564	0.0
3	565	0.0
3	566	0.0
3	567	0.0
3	568	0.0
3	569	0.0
3	570	0.0
3	571	0.0
3	572	0.0
3	573	0.0
3	574	0.0
3	575	0.0
3	576	0.0
3	577	0.0
3	578	0.0
3	579	0.0
3	580	0.0
3	581	0.0
3	582	0.0
3	583	0.0
3	584	0.0
3	585	0.0
3	586	0.0
3	587	0.0
3	588	0.0
3	589	0.0
3	590	0.0
3	591	0.0
3	592	0.0
3	593	0.0
3	594	0.0
3	595	0.0
3	596	0.0
3	597	0.0
3	598	0.0
3	599	1.0
3	600	0.0
3	601	0.0
3	602	0.0
3	603	0.0
3	604	0.0
3	605	0.0
3	606	0.0
3	607	0.0
3	608	0.0
3	609	0.0
3	610	0.0
3	611	0.0
3	612	0.0
3	613	0.0
4	614	0.0
4	615	0.0
4	616	0.0
4	617	0.0
4	618	0.0
4	619	0.0
4	620	0.0
4	621	0.0
4	622	0.0
4	623	0.0
4	624	0.0
4	625	0.0
4	626	0.0
4	627	0.0
4	628	0.0
4	629	0.0
4	630	0.0
4	631	0.0
4	632	0.0
4	633	0.0
4	634	0.0
4	635	0.0
4	636	0.0
4	637	0.0
4	638	0.0
4	639	0.0
4	640	0.0
4	641	0.0
4	642	0.0
4	643	0.0
4	644	0.0
4	645	0.0
4	646	0.0
4	647	0.0
4	648	1.0
4	649	0.0
4	650	0.0
4	651	0.0
4	652	0.0
4	653	0.0
4	654	0.0
4	655	0.0
4	656	0.0
4	657	0.0
4	658	0.0
4	659	0.0
4	660	0.0
4	661	0.0
4	662	0.0
4	663	0.0
4	664	0.0
4	665	0.0
4	666	0.0
4	667	0.0
4	668	0.0
4	669	0.0
4	670	0.0
4	671	0.0
4	672	0.0
4	673	0.0
4	674	0.0
4	675	0.0
4	676	0.0
4	677	0.0
4	678	0.0
4	679	0.0
4	680	0.0
4	681	0.0
4	682	0.0
4	683	0.0
4	684	0.0
4	685	0.0
4	686	0.0
4	687	0.0
4	688	0.0
4	689	0.0
4	690	0.0
4	691	0.0
4	692	0.0
4	693	0.0
4	694	0.0
4	695	0.0
4	696	0.0
4	697	0.0
4	698	0.0
4	699	0.0
4	700	0.0
4	701	0.0
4	702	0.0
4	703	0.0
4	704	0.0
4	705	0.0
4	706	0.0
4	707	0.0
4	708	0.0
4	709	0.0
5	710	0.0
5	711	0.0
5	712	0.0
5	713	0.0
5	714	0.0
5	715	0.0
5	716	0.0
5	717	0.0
5	718	0.0
5	719	0.0
5	720	0.0
5	721	0.0
5	722	0.0
5	723	0.0
5	724	0.0
5	725	0.0
5	726	0.0
5	727	0.0
5	728	0.0
5	729	0.0
5	730	0.0
5	731	0.0
5	732	0.0
5	733	0.0
5	734	0.0
5	735	0.0
5	736	0.0
5	737	0.0
5	738	0.0
5	739	0.0
5	740	0.0
5	741	0.0
5	742	0.0
5	743	0.0
5	744	0.0
5	745	0.0
5	746	0.0
5	747	0.0
5	748	0.0
5	749	0.0
5	750	0.0
5	751	0.0
5	752	0.0
5	753	0.0
5	754	0.0
5	755	0.0
5	756	0.0
5	757	0.0
5	758	0.0
5	759	0.0
5	760	0.0
5	761	0.0
5	762	0.0
5	763	0.0
5	764	0.0
5	765	0.0
5	766	0.0
5	767	0.0
5	768	0.0
5	769	0.0
5	770	0.0
5	771	0.0
5	772	0.0
5	773	0.0
5	774	0.0
5	775	0.0
5	776	0.0
5	777	0.0
5	778	0.0
5	779	0.0
5	780	0.0
5	781	0.0
5	782	0.0
5	783	0.0
5	784	0.0
5	785	0.0
5	786	0.0
5	787	0.0
5	788	0.0
5	789	0.0
5	790	0.0
5	791	0.0
5	792	0.0
5	793	0.0
5	794	0.0
5	795	0.0
5	796	0.0
5	797	0.0
5	798	0.0
5	799	0.0
5	800	0.0
5	801	0.0
5	802	0.0
5	803	0.0
5	804	0.0
5	805	0.0
5	806	0.0
5	807	0.0
5	808	0.0
5	809	0.0
5	810	0.0
5	811	0.0
5	812	0.0
5	813	0.0
5	814	0.0
5	815	0.0
5	816	0.0
5	817	0.0
5	818	0.0
5	819	0.0
5	820	0.0
5	821	0.0
5	822	0.0
5	823	0.0
5	824	0.0
5	825	0.0
5	826	0.0
5	827	0.0
5	828	0.0
5	829	0.0
5	830	0.0
5	831	0.0
5	832	0.0
5	833	0.0
5	834	0.0
5	835	0.0
5	836	0.0
5	837	0.0
5	838	0.0
5	839	0.0
5	840	0.0
5	841	0.0
5	842	0.0
5	843	0.0
5	844	0.0
5	845	0.0
5	846	0.0
5	847	0.0
5	848	1.0
5	849	0.0
5	850	1.0
5	851	0.0
5	852	0.0
5	853	0.0
5	854	0.0
5	855	0.0
5	856	0.0
5	857	0.0
5	858	0.0
5	859	0.0
6	860	0.0
6	861	0.0
6	862	0.0
6	863	0.0
6	864	0.0
6	865	0.0
6	866	0.0
6	867	0.0
6	868	0.0
6	869	0.0
6	870	0.0
6	871	0.0
6	872	0.0
6	873	0.0
6	874	0.0
6	875	0.0
6	876	0.0
6	877	0.0
6	878	0.0
6	879	0.0
6	880	0.0
6	881	0.0
6	882	0.0
6	883	0.0
6	884	0.0
6	885	0.0
6	886	0.0
6	887	0.0
6	888	0.0
6	889	0.0
6	890	0.0
6	891	0.0
6	892	0.0
6	893	0.0
6	894	0.0
6	895	0.0
6	896	0.0
6	897	0.0
6	898	0.0
6	899	0.0
6	900	0.0
6	901	0.0
6	902	0.0
6	903	0.0
6	904	0.0
6	905	0.0
6	906	0.0
6	907	0.0
6	908	0.0
6	909	0.0
6	910	0.0
6	911	0.0
6	912	0.0
6	913	0.0
6	914	0.0
6	915	0.0
6	916	0.0
6	917	0.0
6	918	0.0
6	919	0.0
6	920	0.0
6	921	0.0
6	922	0.0
6	923	0.0
6	924	0.0
6	925	0.0
6	926	0.0
6	927	0.0
6	928	0.0
6	929	0.0
6	930	0.0
6	931	0.0
6	932	0.0
6	933	0.0
6	934	0.0
6	935	0.0
6	936	0.0
6	937	0.0
6	938	0.0
6	939	0.0
6	940	0.0
6	941	0.0
6	942	0.0
6	943	0.0
6	944	0.0
6	945	0.0
6	946	0.0
6	947	0.0
6	948	0.0
6	949	0.0
6	950	0.0
6	951	0.0
6	952	0.0
6	953	0.0
6	954	0.0
6	955	0.0
6	956	0.0
6	957	0.0
6	958	0.0
6	959	0.0
6	960	0.0
6	961	0.0
6	962	0.0
6	963	0.0
6	964	0.0
6	965	0.0
6	966	0.0
6	967	0.0
6	968	0.0
6	969	0.0
6	970	0.0
6	971	0.0
6	972	0.0
6	973	0.0
6	974	0.0
6	975	0.0
6	976	0.0
6	977	0.0
6	978	0.0
6	979	0.0
6	980	0.0
6	981	0.0
6	982	0.0
6	983	0.0
6	984	0.0
6	985	0.0
6	986	0.0
6	987	0.0
6	988	0.0
6	989	0.0
6	990	0.0
6	991	0.0
6	992	0.0
6	993	0.0
6	994	0.0
6	995	0.0
6	996	0.0
6	997	0.0
6	998	0.0
6	999	0.0
6	1000	0.0
6	1001	0.0
6	1002	0.0
6	1003	0.0
6	1004	0.0
6	1005	0.0
6	1006	0.0
6	1007	0.0
6	1008	0.0
6	1009	0.0
6	1010	0.0
6	1011	0.0
6	1012	0.0
6	1013	0.0
6	1014	0.0
6	1015	0.0
6	1016	0.0
6	1017	0.0
6	1018	0.0
6	1019	0.0
6	1020	0.0
6	1021	0.0
6	1022	0.0
6	1023	0.0
6	1024	0.0
6	1025	0.0
6	1026	0.0
6	1027	0.0
6	1028	0.0
6	1029	0.0
7	1030	0.0
7	1031	0.0
7	1032	0.0
7	1033	0.0
7	1034	0.0
7	1035	0.0
7	1036	0.0
7	1037	0.0
7	1038	0.0
7	1039	0.0
7	1040	0.0
7	1041	0.0
7	1042	0.0
7	1043	0.0
7	1044	0.0
7	1045	0.0
7	1046	0.0
7	1047	0.0
7	1048	0.0
7	1049	0.0
7	1050	0.0
7	1051	0.0
7	1052	0.0
7	1053	0.0
7	1054	0.0
7	1055	0.0
7	1056	0.0
7	1057	0.0
7	1058	0.0
7	1059	0.0
7	1060	0.0
7	1061	0.0
7	1062	0.0
7	1063	0.0
7	1064	0.0
7	1065	0.0
7	1066	0.0
7	1067	0.0
7	1068	0.0
7	1069	0.0
7	1070	0.0
7	1071	0.0
7	1072	0.0
7	1073	0.0
7	1074	0.0
7	1075	0.0
7	1076	0.0
7	1077	0.0
7	1078	0.0
7	1079	0.0
7	1080	0.0
7	1081	0.0
7	1082	0.0
7	1083	0.0
7	1084	0.0
7	1085	0.0
7	1086	0.0
7	1087	0.0
7	1088	0.0
7	1089	0.0
7	1090	0.0
7	1091	0.0
7	1092	0.0
7	1093	0.0
7	1094	0.0
7	1095	0.0
7	1096	0.0
7	1097	0.0
7	1098	0.0
7	1099	0.0
7	1100	0.0
7	1101	0.0
7	1102	0.0
7	1103	0.0
7	1104	0.0
7	1105	0.0
7	1106	0.0
7	1107	0.0
7	1108	0.0
7	1109	0.0
7	1110	0.0
7	1111	0.0
7	1112	0.0
7	1113	0.0
7	1114	0.0
7	1115	0.0
7	1116	0.0
7	1117	0.0
7	1118	0.0
7	1119	0.0
7	1120	0.0
7	1121	0.0
7	1122	0.0
7	1123	0.0
7	1124	0.0
7	1125	0.0
7	1126	0.0
7	1127	0.0
7	1128	0.0
7	1129	0.0
7	1130	0.0
7	1131	0.0
7	1132	0.0
7	1133	0.0
7	1134	0.0
7	1135	0.0
7	1136	0.0
7	1137	0.0
7	1138	0.0
7	1139	0.0
7	1140	0.0
7	1141	0.0
7	1142	0.0
7	1143	0.0
7	1144	0.0
7	1145	0.0
7	1146	0.0
7	1147	0.0
7	1148	0.0
7	1149	0.0
7	1150	0.0
7	1151	0.0
7	1152	0.0
7	1153	0.0
7	1154	0.0
7	1155	0.0
7	1156	0.0
7	1157	0.0
7	1158	0.0
7	1159	0.0
7	1160	0.0
7	1161	0.0
7	1162	0.0
7	1163	0.0
7	1164	0.0
7	1165	0.0
7	1166	0.0
7	1167	0.0
7	1168	0.0
7	1169	0.0
7	1170	0.0
7	1171	0.0
7	1172	0.0
7	1173	0.0
7	1174	0.0
7	1175	0.0
7	1176	0.0
7	1177	0.0
7	1178	0.0
7	1179	0.0
7	1180	0.0
7	1181	0.0
7	1182	0.0
7	1183	0.0
7	1184	0.0
7	1185	0.0
7	1186	0.0
7	1187	0.0
7	1188	0.0
7	1189	1.0
7	1190	0.0
7	1191	0.0
7	1192	0.0
7	1193	0.0
7	1194	0.0
7	1195	0.0
7	1196	0.0
7	1197	0.0
7	1198	0.0
7	1199	0.0
7	1200	0.0
7	1201	0.0
7	1202	0.0
7	1203	0.0
7	1204	0.0
7	1205	0.0
7	1206	0.0
7	1207	0.0
8	1208	0.0
8	1209	0.0
8	1210	0.0
8	1211	0.0
8	1212	0.0
8	1213	0.0
8	1214	0.0
8	1215	0.0
8	1216	0.0
8	1217	0.0
8	1218	0.0
8	1219	0.0
8	1220	0.0
8	1221	0.0
8	1222	0.0
8	1223	0.0
8	1224	0.0
8	1225	0.0
8	1226	0.0
8	1227	0.0
8	1228	0.0
8	1229	0.0
8	1230	0.0
8	1231	0.0
8	1232	0.0
8	1233	0.0
8	1234	0.0
8	1235	0.0
8	1236	0.0
8	1237	0.0
8	1238	1.0
8	1239	0.0
8	1240	0.0
8	1241	0.0
8	1242	0.0
8	1243	0.0
8	1244	0.0
8	1245	0.0
8	1246	0.0
8	1247	0.0
8	1248	0.0
8	1249	0.0
8	1250	0.0
8	1251	0.0
8	1252	0.0
8	1253	0.0
8	1254	0.0
8	1255	0.0
8	1256	0.0
8	1257	0.0
8	1258	0.0
8	1259	0.0
8	1260	0.0
8	1261	0.0
8	1262	0.0
8	1263	0.0
8	1264	0.0
8	1265	0.0
8	1266	0.0
8	1267	0.0
8	1268	0.0
8	1269	0.0
8	1270	0.0
8	1271	0.0
8	1272	0.0
8	1273	0.0
8	1274	0.0
8	1275	0.0
8	1276	0.0
8	1277	0.0
8	1278	0.0
8	1279	0.0
8	1280	0.0
8	1281	0.0
8	1282	0.0
8	1283	0.0
8	1284	0.0
8	1285	0.0
8	1286	0.0
8	1287	0.0
8	1288	0.0
8	1289	0.0
8	1290	0.0
8	1291	0.0
8	1292	0.0
8	1293	0.0
8	1294	0.0
8	1295	0.0
8	1296	0.0
8	1297	0.0
8	1298	0.0
8	1299	0.0
8	1300	0.0
8	1301	0.0
8	1302	0.0
8	1303	0.0
8	1304	0.0
8	1305	0.0
8	1306	0.0
8	1307	0.0
8	1308	0.0
8	1309	0.0
8	1310	0.0
8	1311	0.0
8	1312	0.0
8	1313	0.0
8	1314	0.0
8	1315	0.0
8	1316	0.0
8	1317	0.0
8	1318	0.0
8	1319	0.0
8	1320	0.0
8	1321	0.0
8	1322	0.0
8	1323	0.0
8	1324	0.0
8	1325	0.0
8	1326	0.0
8	1327	0.0
8	1328	0.0
8	1329	0.0
8	1330	0.0
8	1331	0.0
8	1332	0.0
8	1333	0.0
8	1334	0.0
8	1335	0.0
8	1336	0.0
8	1337	0.0
8	1338	0.0
8	1339	0.0
8	1340	0.0
8	1341	0.0
8	1342	0.0
8	1343	0.0
8	1344	0.0
8	1345	0.0
8	1346	0.0
8	1347	0.0
8	1348	0.0
8	1349	0.0
8	1350	0.0
8	1351	0.0
8	1352	0.0
8	1353	0.0
8	1354	1.0
8	1355	0.0
8	1356	0.0
8	1357	0.0
8	1358	0.0
8	1359	0.0
8	1360	0.0
8	1361	0.0
8	1362	0.0
8	1363	0.0
8	1364	0.0
8	1365	0.0
8	1366	0.0
8	1367	0.0
8	1368	0.0
8	1369	0.0
8	1370	0.0
8	1371	0.0
8	1372	0.0
8	1373	0.0
8	1374	0.0
8	1375	1.0
8	1376	0.0
8	1377	0.0
8	1378	0.0
8	1379	0.0
8	1380	0.0
8	1381	0.0
8	1382	0.0
8	1383	0.0
8	1384	0.0
8	1385	0.0
8	1386	0.0
8	1387	0.0
8	1388	0.0
8	1389	0.0
8	1390	0.0
9	1391	0.0
9	1392	0.0
9	1393	0.0
9	1394	0.0
9	1395	0.0
9	1396	0.0
9	1397	0.0
9	1398	0.0
9	1399	0.0
9	1400	0.0
9	1401	0.0
9	1402	0.0
9	1403	0.0
9	1404	0.0
9	1405	0.0
9	1406	0.0
9	1407	0.0
9	1408	0.0
9	1409	0.0
9	1410	0.0
9	1411	0.0
9	1412	0.0
9	1413	0.0
9	1414	0.0
9	1415	0.0
9	1416	0.0
9	1417	0.0
9	1418	0.0
9	1419	0.0
9	1420	0.0
9	1421	0.0
9	1422	0.0
9	1423	0.0
9	1424	0.0
9	1425	0.0
9	1426	0.0
9	1427	0.0
9	1428	0.0
9	1429	0.0
9	1430	0.0
9	1431	0.0
9	1432	0.0
9	1433	0.0
9	1434	0.0
9	1435	0.0
9	1436	0.0
9	1437	0.0
9	1438	0.0
9	1439	0.0
9	1440	1.0
9	1441	0.0
9	1442	0.0
9	1443	0.0
9	1444	0.0
9	1445	0.0
9	1446	0.0
9	1447	0.0
9	1448	0.0
9	1449	0.0
9	1450	0.0
9	1451	0.0
9	1452	0.0
9	1453	0.0
9	1454	0.0
9	1455	0.0
9	1456	0.0
9	1457	0.0
9	1458	0.0
9	1459	0.0
9	1460	0.0
9	1461	0.0
9	1462	0.0
9	1463	0.0
9	1464	0.0
9	1465	0.0
9	1466	0.0
9	1467	0.0
9	1468	0.0
9	1469	0.0
9	1470	0.0
9	1471	0.0
9	1472	0.0
9	1473	0.0
9	1474	0.0
9	1475	0.0
9	1476	0.0
9	1477	0.0
9	1478	0.0
9	1479	0.0
9	1480	0.0
9	1481	0.0
9	1482	0.0
9	1483	0.0
9	1484	0.0
9	1485	0.0
9	1486	0.0
9	1487	0.0
9	1488	0.0
9	1489	0.0
9	1490	0.0
9	1491	0.0
9	1492	1.0
9	1493	0.0
9	1494	0.0
9	1495	0.0
9	1496	0.0
9	1497	0.0
9	1498	0.0
9	1499	0.0
9	1500	0.0
9	1501	0.0
9	1502	0.0
9	1503	0.0
9	1504	0.0
9	1505	0.0
9	1506	0.0
9	1507	0.0
9	1508	0.0
9	1509	0.0
9	1510	0.0
9	1511	0.0
9	1512	0.0
9	1513	0.0
9	1514	0.0
9	1515	0.0
9	1516	0.0
9	1517	0.0
9	1518	0.0
9	1519	0.0
9	1520	0.0
9	1521	0.0
9	1522	0.0
9	1523	0.0
9	1524	0.0
9	1525	0.0
9	1526	0.0
9	1527	0.0
9	1528	0.0
9	1529	0.0
9	1530	0.0
9	1531	0.0
9	1532	0.0
9	1533	0.0
9	1534	0.0
9	1535	0.0
9	1536	0.0
9	1537	0.0
9	1538	0.0
9	1539	0.0
9	1540	0.0
9	1541	0.0
9	1542	0.0
9	1543	0.0
9	1544	0.0
9	1545	0.0
9	1546	0.0
9	1547	0.0
9	1548	0.0
9	1549	0.0
9	1550	0.0
9	1551	0.0
9	1552	0.0
9	1553	0.0
9	1554	0.0
9	1555	0.0
9	1556	0.0
9	1557	0.0
9	1558	0.0
9	1559	0.0
9	1560	0.0
9	1561	0.0
9	1562	0.0
9	1563	0.0
9	1564	0.0
9	1565	0.0
9	1566	0.0
9	1567	0.0
9	1568	0.0
9	1569	0.0
9	1570	0.0
9	1571	0.0
9	1572	0.0
9	1573	0.0
9	1574	0.0
9	1575	0.0
9	1576	0.0
9	1577	0.0
9	1578	0.0
9	1579	0.0
9	1580	0.0
9	1581	0.0
9	1582	0.0
9	1583	0.0
9	1584	0.0
9	1585	0.0
9	1586	0.0
9	1587	0.0
9	1588	0.0
9	1589	0.0
9	1590	0.0
9	1591	0.0
9	1592	0.0
9	1593	0.0
9	1594	0.0
9	1595	0.0
9	1596	0.0
9	1597	0.0
9	1598	0.0
9	1599	0.0
9	1600	0.0
9	1601	0.0
9	1602	0.0
9	1603	0.0
9	1604	0.0
9	1605	0.0
9	1606	0.0
9	1607	0.0
9	1608	0.0
10	1609	0.0
10	1610	0.0
10	1611	0.0
10	1612	0.0
10	1613	0.0
10	1614	0.0
10	1615	0.0
10	1616	0.0
10	1617	0.0
10	1618	0.0
10	1619	0.0
10	1620	0.0
10	1621	0.0
10	1622	0.0
10	1623	0.0
10	1624	0.0
10	1625	0.0
10	1626	0.0
10	1627	0.0
10	1628	0.0
10	1629	0.0
10	1630	0.0
10	1631	0.0
10	1632	0.0
10	1633	0.0
10	1634	0.0
10	1635	0.0
10	1636	0.0
10	1637	0.0
10	1638	0.0
10	1639	0.0
10	1640	0.0
10	1641	0.0
10	1642	0.0
10	1643	0.0
10	1644	0.0
10	1645	0.0
10	1646	0.0
10	1647	0.0
10	1648	0.0
10	1649	0.0
10	1650	0.0
10	1651	0.0
10	1652	0.0
10	1653	0.0
10	1654	0.0
10	1655	0.0
10	1656	0.0
10	1657	0.0
10	1658	0.0
10	1659	0.0
10	1660	0.0
10	1661	0.0
10	1662	0.0
10	1663	0.0
10	1664	0.0
10	1665	0.0
10	1666	0.0
10	1667	0.0
10	1668	0.0
10	1669	0.0
10	1670	0.0
10	1671	0.0
10	1672	0.0
10	1673	0.0
10	1674	0.0
10	1675	0.0
10	1676	0.0
10	1677	0.0
10	1678	0.0
10	1679	0.0
10	1680	0.0
10	1681	0.0
10	1682	0.0
10	1683	0.0
10	1684	0.0
10	1685	0.0
10	1686	0.0
10	1687	0.0
10	1688	0.0
10	1689	0.0
10	1690	0.0
10	1691	0.0
10	1692	0.0
10	1693	0.0
10	1694	0.0
10	1695	0.0
10	1696	0.0
10	1697	0.0
10	1698	0.0
10	1699	0.0
10	1700	0.0
10	1701	0.0
10	1702	0.0
10	1703	0.0
10	1704	0.0
10	1705	0.0
10	1706	0.0
10	1707	0.0
10	1708	0.0
10	1709	0.0
10	1710	0.0
10	1711	0.0
10	1712	0.0
10	1713	0.0
10	1714	0.0
10	1715	0.0
11	1716	0.0
11	1717	0.0
11	1718	0.0
11	1719	0.0
11	1720	0.0
11	1721	0.0
11	1722	0.0
11	1723	0.0
11	1724	0.0
11	1725	0.0
11	1726	0.0
11	1727	0.0
11	1728	0.0
11	1729	0.0
11	1730	0.0
11	1731	0.0
11	1732	0.0
11	1733	0.0
11	1734	0.0
11	1735	0.0
11	1736	0.0
11	1737	0.0
11	1738	0.0
11	1739	0.0
11	1740	0.0
11	1741	0.0
11	1742	0.0
11	1743	0.0
11	1744	0.0
11	1745	0.0
11	1746	0.0
11	1747	0.0
11	1748	0.0
11	1749	0.0
11	1750	0.0
11	1751	0.0
11	1752	0.0
11	1753	0.0
11	1754	0.0
11	1755	0.0
11	1756	0.0
11	1757	0.0
11	1758	0.0
11	1759	0.0
11	1760	0.0
11	1761	0.0
11	1762	0.0
11	1763	1.0
11	1764	0.0
11	1765	0.0
11	1766	0.0
11	1767	0.0
11	1768	0.0
11	1769	0.0
11	1770	0.0
11	1771	0.0
11	1772	0.0
11	1773	0.0
11	1774	0.0
11	1775	0.0
11	1776	0.0
11	1777	0.0
11	1778	0.0
11	1779	0.0
11	1780	0.0
11	1781	0.0
11	1782	0.0
11	1783	1.0
11	1784	0.0
11	1785	0.0
11	1786	0.0
11	1787	0.0
11	1788	0.0
11	1789	0.0
11	1790	0.0
11	1791	0.0
11	1792	0.0
11	1793	1.0
11	1794	0.0
11	1795	1.0
11	1796	0.0
11	1797	0.0
11	1798	0.0
11	1799	0.0
11	1800	0.0
11	1801	0.0
11	1802	0.0
11	1803	0.0
11	1804	0.0
11	1805	0.0
11	1806	0.0
11	1807	0.0
11	1808	0.0
11	1809	0.0
11	1810	0.0
11	1811	0.0
11	1812	0.0
11	1813	0.0
11	1814	0.0
11	1815	0.0
11	1816	0.0
11	1817	0.0
11	1818	0.0
11	1819	0.0
11	1820	0.0
11	1821	0.0
11	1822	0.0
11	1823	0.0
11	1824	0.0
11	1825	0.0
11	1826	0.0
11	1827	0.0
11	1828	0.0
11	1829	0.0
11	1830	0.0
11	1831	0.0
11	1832	0.0
11	1833	0.0
11	1834	0.0
11	1835	0.0
11	1836	0.0
11	1837	0.0
11	1838	0.0
11	1839	0.0
11	1840	0.0
11	1841	0.0
11	1842	0.0
11	1843	0.0
11	1844	0.0
11	1845	0.0
11	1846	0.0
11	1847	0.0
11	1848	0.0
11	1849	0.0
11	1850	0.0
11	1851	0.0
11	1852	0.0
11	1853	0.0
11	1854	0.0
11	1855	0.0
11	1856	0.0
11	1857	0.0
11	1858	0.0
11	1859	0.0
11	1860	0.0
11	1861	0.0
11	1862	0.0
11	1863	0.0
11	1864	0.0
11	1865	0.0
11	1866	0.0
11	1867	0.0
11	1868	0.0
11	1869	0.0
11	1870	0.0
11	1871	0.0
11	1872	0.0
11	1873	0.0
11	1874	0.0
11	1875	0.0
11	1876	0.0
11	1877	0.0
11	1878	0.0
11	1879	0.0
11	1880	0.0
11	1881	0.0
11	1882	0.0
11	1883	0.0
11	1884	0.0
11	1885	0.0
11	1886	0.0
11	1887	0.0
11	1888	0.0
11	1889	0.0
11	1890	0.0
11	1891	0.0
11	1892	0.0
11	1893	0.0
11	1894	0.0
11	1895	0.0
11	1896	0.0
11	1897	0.0
11	1898	0.0
11	1899	0.0
11	1900	0.0
11	1901	0.0
11	1902	0.0
11	1903	0.0
11	1904	0.0
11	1905	0.0
11	1906	0.0
11	1907	0.0
11	1908	0.0
11	1909	0.0
11	1910	0.0
11	1911	1.0
11	1912	0.0
11	1913	0.0
11	1914	0.0
11	1915	0.0
11	1916	0.0
11	1917	0.0
11	1918	0.0
11	1919	0.0
11	1920	0.0
11	1921	0.0
11	1922	0.0
11	1923	0.0
11	1924	0.0
11	1925	0.0
11	1926	0.0
11	1927	0.0
11	1928	0.0
11	1929	1.0
11	1930	0.0
11	1931	0.0
11	1932	0.0
11	1933	0.0
