0	0	1	1.0
0	1	2	1.0
0	2	3	1.0
0	3	4	1.0
0	4	5	1.0
0	5	6	1.0
0	6	7	1.0
0	7	8	1.0
0	8	9	1.0
0	9	10	1.0
0	10	11	1.0
0	11	12	1.0
0	12	13	1.0
0	13	14	1.0
0	14	15	1.0
0	15	16	1.0
0	16	17	1.0
0	17	18	1.0
0	18	19	1.0
0	19	20	1.0
0	20	21	1.0
0	21	22	1.0
0	22	23	1.0
0	23	24	1.0
0	24	25	1.0
0	25	26	1.0
0	26	27	1.0
0	27	28	1.0
0	28	29	1.0
0	29	30	1.0
0	30	31	1.0
0	31	32	1.0
0	32	33	1.0
0	33	34	1.0
0	34	35	1.0
0	35	36	1.0
0	36	37	1.0
0	37	38	1.0
0	38	39	1.0
0	39	40	1.0
0	40	41	1.0
0	41	42	1.0
0	42	43	1.0
0	43	44	1.0
0	44	45	1.0
0	45	46	1.0
0	46	47	1.0
0	47	48	1.0
0	48	49	1.0
0	49	50	1.0
0	50	51	1.0
0	51	52	1.0
0	52	53	1.0
0	53	54	1.0
0	54	55	1.0
0	55	56	1.0
0	56	57	1.0
0	57	58	1.0
0	58	59	1.0
0	59	60	1.0
0	60	61	1.0
0	61	62	1.0
0	62	63	1.0
0	63	64	1.0
0	64	65	1.0
0	65	66	1.0
0	66	67	1.0
0	67	68	1.0
0	68	69	1.0
0	69	70	1.0
0	70	71	1.0
0	71	72	1.0
0	72	73	1.0
0	73	74	1.0
0	74	75	1.0
0	75	76	1.0
0	76	77	1.0
0	77	78	1.0
0	78	79	1.0
0	79	80	1.0
0	80	81	1.0
0	81	82	1.0
0	82	83	1.0
0	83	84	1.0
0	84	85	1.0
0	85	86	1.0
0	86	87	1.0
0	87	88	1.0
0	88	89	1.0
0	89	90	1.0
0	90	91	1.0
0	91	92	1.0
0	92	93	1.0
0	93	94	1.0
1	95	96	1.0
1	96	97	1.0
1	97	98	1.0
1	98	99	1.0
1	99	100	1.0
1	100	101	1.0
1	101	102	1.0
1	102	103	1.0
1	103	104	1.0
1	104	105	1.0
1	105	106	1.0
1	106	107	1.0
1	107	108	1.0
1	108	109	1.0
1	109	110	1.0
1	110	111	1.0
1	111	112	1.0
1	112	113	1.0
1	113	114	1.0
1	114	115	1.0
1	115	116	1.0
1	116	117	1.0
1	117	118	1.0
1	118	119	1.0
1	119	120	1.0
1	120	121	1.0
1	121	122	1.0
1	122	123	1.0
1	123	124	1.0
1	124	125	1.0
1	125	126	1.0
1	126	127	1.0
1	127	128	1.0
1	128	129	1.0
1	129	130	1.0
1	130	131	1.0
1	131	132	1.0
1	132	133	1.0
1	133	134	1.0
1	134	135	1.0
1	135	136	1.0
1	136	137	1.0
1	137	138	1.0
1	138	139	1.0
1	139	140	1.0
1	140	141	1.0
1	141	142	1.0
1	142	143	1.0
1	143	144	1.0
1	144	145	1.0
1	145	146	1.0
1	146	147	1.0
1	147	148	1.0
1	148	149	1.0
1	149	150	1.0
1	150	151	1.0
1	151	152	1.0
1	152	153	1.0
1	153	154	1.0
1	154	155	1.0
1	155	156	1.0
1	156	157	1.0
1	157	158	1.0
1	158	159	1.0
1	159	160	1.0
1	160	161	1.0
1	161	162	1.0
1	162	163	1.0
1	163	164	1.0
1	164	165	1.0
1	165	166	1.0
1	166	167	1.0
1	167	168	1.0
1	168	169	1.0
1	169	170	1.0
1	170	171	1.0
1	171	172	1.0
1	172	173	1.0
1	173	174	1.0
1	174	175	1.0
1	175	176	1.0
1	176	177	1.0
1	177	178	1.0
1	178	179	1.0
1	179	180	1.0
1	180	181	1.0
1	181	182	1.0
1	182	183	1.0
1	183	184	1.0
1	184	185	1.0
1	185	186	1.0
1	186	187	1.0
1	187	188	1.0
1	188	189	1.0
1	189	190	1.0
1	190	191	1.0
1	191	192	1.0
1	192	193	1.0
1	193	194	1.0
1	194	195	1.0
1	195	196	1.0
1	196	197	1.0
1	197	198	1.0
1	198	199	1.0
1	199	200	1.0
1	200	201	1.0
1	201	202	1.0
1	202	203	1.0
1	203	204	1.0
1	204	205	1.0
1	205	206	1.0
1	206	207	1.0
1	207	208	1.0
1	208	209	1.0
1	209	210	1.0
1	210	211	1.0
1	211	212	1.0
1	212	213	1.0
1	213	214	1.0
1	214	215	1.0
1	215	216	1.0
1	216	217	1.0
1	217	218	1.0
1	218	219	1.0
1	219	220	1.0
1	220	221	1.0
1	221	222	1.0
1	222	223	1.0
1	223	224	1.0
1	224	225	1.0
1	225	226	1.0
1	226	227	1.0
1	227	228	1.0
1	228	229	1.0
1	229	230	1.0
1	230	231	1.0
1	231	232	1.0
1	232	233	1.0
1	233	234	1.0
1	234	235	1.0
1	235	236	1.0
1	236	237	1.0
1	237	238	1.0
1	238	239	1.0
1	239	240	1.0
1	240	241	1.0
1	241	242	1.0
1	242	243	1.0
1	243	244	1.0
1	244	245	1.0
1	245	246	1.0
1	246	247	1.0
1	247	248	1.0
1	248	249	1.0
1	249	250	1.0
1	250	251	1.0
1	251	252	1.0
1	252	253	1.0
1	253	254	1.0
1	254	255	1.0
1	255	256	1.0
1	256	257	1.0
1	257	258	1.0
2	259	260	1.0
2	260	261	1.0
2	261	262	1.0
2	262	263	1.0
2	263	264	1.0
2	264	265	1.0
2	265	266	1.0
2	266	267	1.0
2	267	268	1.0
2	268	269	1.0
2	269	270	1.0
2	270	271	1.0
2	271	272	1.0
2	272	273	1.0
2	273	274	1.0
2	274	275	1.0
2	275	276	1.0
2	276	277	1.0
2	277	278	1.0
2	278	279	1.0
2	279	280	1.0
2	280	281	1.0
2	281	282	1.0
2	282	283	1.0
2	283	284	1.0
2	284	285	1.0
2	285	286	1.0
2	286	287	1.0
2	287	288	1.0
2	288	289	1.0
2	289	290	1.0
2	290	291	1.0
2	291	292	1.0
2	292	293	1.0
2	293	294	1.0
2	294	295	1.0
2	295	296	1.0
2	296	297	1.0
2	297	298	1.0
2	298	299	1.0
2	299	300	1.0
2	300	301	1.0
2	301	302	1.0
2	302	303	1.0
2	303	304	1.0
2	304	305	1.0
2	305	306	1.0
2	306	307	1.0
2	307	308	1.0
2	308	309	1.0
2	309	310	1.0
2	310	311	1.0
2	311	312	1.0
2	312	313	1.0
2	313	314	1.0
2	314	315	1.0
2	315	316	1.0
2	316	317	1.0
2	317	318	1.0
2	318	319	1.0
2	319	320	1.0
2	320	321	1.0
2	321	322	1.0
2	322	323	1.0
2	323	324	1.0
2	324	325	1.0
2	325	326	1.0
2	326	327	1.0
2	327	328	1.0
2	328	329	1.0
2	329	330	1.0
2	330	331	1.0
2	331	332	1.0
2	332	333	1.0
2	333	334	1.0
2	334	335	1.0
2	335	336	1.0
2	336	337	1.0
2	337	338	1.0
2	338	339	1.0
2	339	340	1.0
2	340	341	1.0
2	341	342	1.0
2	342	343	1.0
2	343	344	1.0
2	344	345	1.0
2	345	346	1.0
2	346	347	1.0
2	347	348	1.0
2	348	349	1.0
2	349	350	1.0
2	350	351	1.0
2	351	352	1.0
2	352	353	1.0
2	353	354	1.0
2	354	355	1.0
2	355	356	1.0
2	356	357	1.0
2	357	358	1.0
2	358	359	1.0
2	359	360	1.0
2	360	361	1.0
2	361	362	1.0
2	362	363	1.0
2	363	364	1.0
2	364	365	1.0
2	365	366	1.0
2	366	367	1.0
2	367	368	1.0
2	368	369	1.0
2	369	370	1.0
2	370	371	1.0
2	371	372	1.0
2	372	373	1.0
2	373	374	1.0
2	374	375	1.0
2	375	376	1.0
2	376	377	1.0
2	377	378	1.0
2	378	379	1.0
2	379	380	1.0
2	380	381	1.0
2	381	382	1.0
2	382	383	1.0
2	383	384	1.0
2	384	385	1.0
2	385	386	1.0
2	386	387	1.0
2	387	388	1.0
2	388	389	1.0
2	389	390	1.0
2	390	391	1.0
2	391	392	1.0
2	392	393	1.0
2	393	394	1.0
2	394	395	1.0
2	395	396	1.0
2	396	397	1.0
2	397	398	1.0
2	398	399	1.0
2	399	400	1.0
2	400	401	1.0
2	401	402	1.0
2	402	403	1.0
2	403	404	1.0
2	404	405	1.0
2	405	406	1.0
2	406	407	1.0
2	407	408	1.0
2	408	409	1.0
2	409	410	1.0
2	410	411	1.0
2	411	412	1.0
2	412	413	1.0
2	413	414	1.0
2	414	415	1.0
2	415	416	1.0
2	416	417	1.0
2	417	418	1.0
2	418	419	1.0
2	419	420	1.0
2	420	421	1.0
2	421	422	1.0
2	422	423	1.0
2	423	424	1.0
3	425	426	1.0
3	426	427	1.0
3	427	428	1.0
3	428	429	1.0
3	429	430	1.0
3	430	431	1.0
3	431	432	1.0
3	432	433	1.0
3	433	434	1.0
3	434	435	1.0
3	435	436	1.0
3	436	437	1.0
3	437	438	1.0
3	438	439	1.0
3	439	440	1.0
3	440	441	1.0
3	441	442	1.0
3	442	443	1.0
3	443	444	1.0
3	444	445	1.0
3	445	446	1.0
3	446	447	1.0
3	447	448	1.0
3	448	449	1.0
3	449	450	1.0
3	450	451	1.0
3	451	452	1.0
3	452	453	1.0
3	453	454	1.0
3	454	455	1.0
3	455	456	1.0
3	456	457	1.0
3	457	458	1.0
3	458	459	1.0
3	459	460	1.0
3	460	461	1.0
3	461	462	1.0
3	462	463	1.0
3	463	464	1.0
3	464	465	1.0
3	465	466	1.0
3	466	467	1.0
3	467	468	1.0
3	468	469	1.0
3	469	470	1.0
3	470	471	1.0
3	471	472	1.0
3	472	473	1.0
3	473	474	1.0
3	474	475	1.0
3	475	476	1.0
3	476	477	1.0
3	477	478	1.0
3	478	479	1.0
3	479	480	1.0
3	480	481	1.0
3	481	482	1.0
3	482	483	1.0
3	483	484	1.0
3	484	485	1.0
3	485	486	1.0
3	486	487	1.0
3	487	488	1.0
3	488	489	1.0
3	489	490	1.0
3	490	491	1.0
3	491	492	1.0
3	492	493	1.0
3	493	494	1.0
3	494	495	1.0
3	495	496	1.0
3	496	497	1.0
3	497	498	1.0
3	498	499	1.0
3	499	500	1.0
3	500	501	1.0
3	501	502	1.0
3	502	503	1.0
3	503	504	1.0
3	504	505	1.0
3	505	506	1.0
3	506	507	1.0
3	507	508	1.0
3	508	509	1.0
3	509	510	1.0
3	510	511	1.0
3	511	512	1.0
3	512	513	1.0
3	513	514	1.0
3	514	515	1.0
3	515	516	1.0
3	516	517	1.0
3	517	518	1.0
3	518	519	1.0
3	519	520	1.0
3	520	521	1.0
3	521	522	1.0
3	522	523	1.0
3	523	524	1.0
3	524	525	1.0
3	525	526	1.0
3	526	527	1.0
3	527	528	1.0
3	528	529	1.0
3	529	530	1.0
3	530	531	1.0
3	531	532	1.0
3	532	533	1.0
3	533	534	1.0
3	534	535	1.0
3	535	536	1.0
3	536	537	1.0
3	537	538	1.0
3	538	539	1.0
3	539	540	1.0
3	540	541	1.0
3	541	542	1.0
3	542	543	1.0
3	543	544	1.0
3	544	545	1.0
3	545	546	1.0
3	546	547	1.0
3	547	548	1.0
3	548	549	1.0
3	549	550	1.0
3	550	551	1.0
3	551	552	1.0
3	552	553	1.0
3	553	554	1.0
3	554	555	1.0
3	555	556	1.0
3	556	557	1.0
3	557	558	1.0
3	558	559	1.0
3	559	560	1.0
3	560	561	1.0
3	561	562	1.0
3	562	563	1.0
3	563	564	1.0
3	564	565	1.0
3	565	566	1.0
3	566	567	1.0
3	567	568	1.0
3	568	569	1.0
3	569	570	1.0
3	570	571	1.0
3	571	572	1.0
3	572	573	1.0
3	573	574	1.0
3	574	575	1.0
3	575	576	1.0
3	576	577	1.0
3	577	578	1.0
3	578	579	1.0
3	579	580	1.0
3	580	581	1.0
3	581	582	1.0
3	582	583	1.0
3	583	584	1.0
3	584	585	1.0
3	585	586	1.0
3	586	587	1.0
3	587	588	1.0
3	588	589	1.0
3	589	590	1.0
3	590	591	1.0
3	591	592	1.0
3	592	593	1.0
3	593	594	1.0
3	594	595	1.0
3	595	596	1.0
3	596	597	1.0
3	597	598	1.0
3	598	599	1.0
3	599	600	1.0
3	600	601	1.0
3	601	602	1.0
3	602	603	1.0
3	603	604	1.0
3	604	605	1.0
3	605	606	1.0
3	606	607	1.0
3	607	608	1.0
3	608	609	1.0
3	609	610	1.0
3	610	611	1.0
3	611	612	1.0
3	612	613	1.0
4	614	615	1.0
4	615	616	1.0
4	616	617	1.0
4	617	618	1.0
4	618	619	1.0
4	619	620	1.0
4	620	621	1.0
4	621	622	1.0
4	622	623	1.0
4	623	624	1.0
4	624	625	1.0
4	625	626	1.0
4	626	627	1.0
4	627	628	1.0
4	628	629	1.0
4	629	630	1.0
4	630	631	1.0
4	631	632	1.0
4	632	633	1.0
4	633	634	1.0
4	634	635	1.0
4	635	636	1.0
4	636	637	1.0
4	637	638	1.0
4	638	639	1.0
4	639	640	1.0
4	640	641	1.0
4	641	642	1.0
4	642	643	1.0
4	643	644	1.0
4	644	645	1.0
4	645	646	1.0
4	646	647	1.0
4	647	648	1.0
4	648	649	1.0
4	649	650	1.0
4	650	651	1.0
4	651	652	1.0
4	652	653	1.0
4	653	654	1.0
4	654	655	1.0
4	655	656	1.0
4	656	657	1.0
4	657	658	1.0
4	658	659	1.0
4	659	660	1.0
4	660	661	1.0
4	661	662	1.0
4	662	663	1.0
4	663	664	1.0
4	664	665	1.0
4	665	666	1.0
4	666	667	1.0
4	667	668	1.0
4	668	669	1.0
4	669	670	1.0
4	670	671	1.0
4	671	672	1.0
4	672	673	1.0
4	673	674	1.0
4	674	675	1.0
4	675	676	1.0
4	676	677	1.0
4	677	678	1.0
4	678	679	1.0
4	679	680	1.0
4	680	681	1.0
4	681	682	1.0
4	682	683	1.0
4	683	684	1.0
4	684	685	1.0
4	685	686	1.0
4	686	687	1.0
4	687	688	1.0
4	688	689	1.0
4	689	690	1.0
4	690	691	1.0
4	691	692	1.0
4	692	693	1.0
4	693	694	1.0
4	694	695	1.0
4	695	696	1.0
4	696	697	1.0
4	697	698	1.0
4	698	699	1.0
4	699	700	1.0
4	700	701	1.0
4	701	702	1.0
4	702	703	1.0
4	703	704	1.0
4	704	705	1.0
4	705	706	1.0
4	706	707	1.0
4	707	708	1.0
4	708	709	1.0
5	710	711	1.0
5	711	712	1.0
5	712	713	1.0
5	713	714	1.0
5	714	715	1.0
5	715	716	1.0
5	716	717	1.0
5	717	718	1.0
5	718	719	1.0
5	719	720	1.0
5	720	721	1.0
5	721	722	1.0
5	722	723	1.0
5	723	724	1.0
5	724	725	1.0
5	725	726	1.0
5	726	727	1.0
5	727	728	1.0
5	728	729	1.0
5	729	730	1.0
5	730	731	1.0
5	731	732	1.0
5	732	733	1.0
5	733	734	1.0
5	734	735	1.0
5	735	736	1.0
5	736	737	1.0
5	737	738	1.0
5	738	739	1.0
5	739	740	1.0
5	740	741	1.0
5	741	742	1.0
5	742	743	1.0
5	743	744	1.0
5	744	745	1.0
5	745	746	1.0
5	746	747	1.0
5	747	748	1.0
5	748	749	1.0
5	749	750	1.0
5	750	751	1.0
5	751	752	1.0
5	752	753	1.0
5	753	754	1.0
5	754	755	1.0
5	755	756	1.0
5	756	757	1.0
5	757	758	1.0
5	758	759	1.0
5	759	760	1.0
5	760	761	1.0
5	761	762	1.0
5	762	763	1.0
5	763	764	1.0
5	764	765	1.0
5	765	766	1.0
5	766	767	1.0
5	767	768	1.0
5	768	769	1.0
5	769	770	1.0
5	770	771	1.0
5	771	772	1.0
5	772	773	1.0
5	773	774	1.0
5	774	775	1.0
5	775	776	1.0
5	776	777	1.0
5	777	778	1.0
5	778	779	1.0
5	779	780	1.0
5	780	781	1.0
5	781	782	1.0
5	782	783	1.0
5	783	784	1.0
5	784	785	1.0
5	785	786	1.0
5	786	787	1.0
5	787	788	1.0
5	788	789	1.0
5	789	790	1.0
5	790	791	1.0
5	791	792	1.0
5	792	793	1.0
5	793	794	1.0
5	794	795	1.0
5	795	796	1.0
5	796	797	1.0
5	797	798	1.0
5	798	799	1.0
5	799	800	1.0
5	800	801	1.0
5	801	802	1.0
5	802	803	1.0
5	803	804	1.0
5	804	805	1.0
5	805	806	1.0
5	806	807	1.0
5	807	808	1.0
5	808	809	1.0
5	809	810	1.0
5	810	811	1.0
5	811	812	1.0
5	812	813	1.0
5	813	814	1.0
5	814	815	1.0
5	815	816	1.0
5	816	817	1.0
5	817	818	1.0
5	818	819	1.0
5	819	820	1.0
5	820	821	1.0
5	821	822	1.0
5	822	823	1.0
5	823	824	1.0
5	824	825	1.0
5	825	826	1.0
5	826	827	1.0
5	827	828	1.0
5	828	829	1.0
5	829	830	1.0
5	830	831	1.0
5	831	832	1.0
5	832	833	1.0
5	833	834	1.0
5	834	835	1.0
5	835	836	1.0
5	836	837	1.0
5	837	838	1.0
5	838	839	1.0
5	839	840	1.0
5	840	841	1.0
5	841	842	1.0
5	842	843	1.0
5	843	844	1.0
5	844	845	1.0
5	845	846	1.0
5	846	847	1.0
5	847	848	1.0
5	848	849	1.0
5	849	850	1.0
5	850	851	1.0
5	851	852	1.0
5	852	853	1.0
5	853	854	1.0
5	854	855	1.0
5	855	856	1.0
5	856	857	1.0
5	857	858	1.0
5	858	859	1.0
6	860	861	1.0
6	861	862	1.0
6	862	863	1.0
6	863	864	1.0
6	864	865	1.0
6	865	866	1.0
6	866	867	1.0
6	867	868	1.0
6	868	869	1.0
6	869	870	1.0
6	870	871	1.0
6	871	872	1.0
6	872	873	1.0
6	873	874	1.0
6	874	875	1.0
6	875	876	1.0
6	876	877	1.0
6	877	878	1.0
6	878	879	1.0
6	879	880	1.0
6	880	881	1.0
6	881	882	1.0
6	882	883	1.0
6	883	884	1.0
6	884	885	1.0
6	885	886	1.0
6	886	887	1.0
6	887	888	1.0
6	888	889	1.0
6	889	890	1.0
6	890	891	1.0
6	891	892	1.0
6	892	893	1.0
6	893	894	1.0
6	894	895	1.0
6	895	896	1.0
6	896	897	1.0
6	897	898	1.0
6	898	899	1.0
6	899	900	1.0
6	900	901	1.0
6	901	902	1.0
6	902	903	1.0
6	903	904	1.0
6	904	905	1.0
6	905	906	1.0
6	906	907	1.0
6	907	908	1.0
6	908	909	1.0
6	909	910	1.0
6	910	911	1.0
6	911	912	1.0
6	912	913	1.0
6	913	914	1.0
6	914	915	1.0
6	915	916	1.0
6	916	917	1.0
6	917	918	1.0
6	918	919	1.0
6	919	920	1.0
6	920	921	1.0
6	921	922	1.0
6	922	923	1.0
6	923	924	1.0
6	924	925	1.0
6	925	926	1.0
6	926	927	1.0
6	927	928	1.0
6	928	929	1.0
6	929	930	1.0
6	930	931	1.0
6	931	932	1.0
6	932	933	1.0
6	933	934	1.0
6	934	935	1.0
6	935	936	1.0
6	936	937	1.0
6	937	938	1.0
6	938	939	1.0
6	939	940	1.0
6	940	941	1.0
6	941	942	1.0
6	942	943	1.0
6	943	944	1.0
6	944	945	1.0
6	945	946	1.0
6	946	947	1.0
6	947	948	1.0
6	948	949	1.0
6	949	950	1.0
6	950	951	1.0
6	951	952	1.0
6	952	953	1.0
6	953	954	1.0
6	954	955	1.0
6	955	956	1.0
6	956	957	1.0
6	957	958	1.0
6	958	959	1.0
6	959	960	1.0
6	960	961	1.0
6	961	962	1.0
6	962	963	1.0
6	963	964	1.0
6	964	965	1.0
6	965	966	1.0
6	966	967	1.0
6	967	968	1.0
6	968	969	1.0
6	969	970	1.0
6	970	971	1.0
6	971	972	1.0
6	972	973	1.0
6	973	974	1.0
6	974	975	1.0
6	975	976	1.0
6	976	977	1.0
6	977	978	1.0
6	978	979	1.0
6	979	980	1.0
6	980	981	1.0
6	981	982	1.0
6	982	983	1.0
6	983	984	1.0
6	984	985	1.0
6	985	986	1.0
6	986	987	1.0
6	987	988	1.0
6	988	989	1.0
6	989	990	1.0
6	990	991	1.0
6	991	992	1.0
6	992	993	1.0
6	993	994	1.0
6	994	995	1.0
6	995	996	1.0
6	996	997	1.0
6	997	998	1.0
6	998	999	1.0
6	999	1000	1.0
6	1000	1001	1.0
6	1001	1002	1.0
6	1002	1003	1.0
6	1003	1004	1.0
6	1004	1005	1.0
6	1005	1006	1.0
6	1006	1007	1.0
6	1007	1008	1.0
6	1008	1009	1.0
6	1009	1010	1.0
6	1010	1011	1.0
6	1011	1012	1.0
6	1012	1013	1.0
6	1013	1014	1.0
6	1014	1015	1.0
6	1015	1016	1.0
6	1016	1017	1.0
6	1017	1018	1.0
6	1018	1019	1.0
6	1019	1020	1.0
6	1020	1021	1.0
6	1021	1022	1.0
6	1022	1023	1.0
6	1023	1024	1.0
6	1024	1025	1.0
6	1025	1026	1.0
6	1026	1027	1.0
6	1027	1028	1.0
6	1028	1029	1.0
7	1030	1031	1.0
7	1031	1032	1.0
7	1032	1033	1.0
7	1033	1034	1.0
7	1034	1035	1.0
7	1035	1036	1.0
7	1036	1037	1.0
7	1037	1038	1.0
7	1038	1039	1.0
7	1039	1040	1.0
7	1040	1041	1.0
7	1041	1042	1.0
7	1042	1043	1.0
7	1043	1044	1.0
7	1044	1045	1.0
7	1045	1046	1.0
7	1046	1047	1.0
7	1047	1048	1.0
7	1048	1049	1.0
7	1049	1050	1.0
7	1050	1051	1.0
7	1051	1052	1.0
7	1052	1053	1.0
7	1053	1054	1.0
7	1054	1055	1.0
7	1055	1056	1.0
7	1056	1057	1.0
7	1057	1058	1.0
7	1058	1059	1.0
7	1059	1060	1.0
7	1060	1061	1.0
7	1061	1062	1.0
7	1062	1063	1.0
7	1063	1064	1.0
7	1064	1065	1.0
7	1065	1066	1.0
7	1066	1067	1.0
7	1067	1068	1.0
7	1068	1069	1.0
7	1069	1070	1.0
7	1070	1071	1.0
7	1071	1072	1.0
7	1072	1073	1.0
7	1073	1074	1.0
7	1074	1075	1.0
7	1075	1076	1.0
7	1076	1077	1.0
7	1077	1078	1.0
7	1078	1079	1.0
7	1079	1080	1.0
7	1080	1081	1.0
7	1081	1082	1.0
7	1082	1083	1.0
7	1083	1084	1.0
7	1084	1085	1.0
7	1085	1086	1.0
7	1086	1087	1.0
7	1087	1088	1.0
7	1088	1089	1.0
7	1089	1090	1.0
7	1090	1091	1.0
7	1091	1092	1.0
7	1092	1093	1.0
7	1093	1094	1.0
7	1094	1095	1.0
7	1095	1096	1.0
7	1096	1097	1.0
7	1097	1098	1.0
7	1098	1099	1.0
7	1099	1100	1.0
7	1100	1101	1.0
7	1101	1102	1.0
7	1102	1103	1.0
7	1103	1104	1.0
7	1104	1105	1.0
7	1105	1106	1.0
7	1106	1107	1.0
7	1107	1108	1.0
7	1108	1109	1.0
7	1109	1110	1.0
7	1110	1111	1.0
7	1111	1112	1.0
7	1112	1113	1.0
7	1113	1114	1.0
7	1114	1115	1.0
7	1115	1116	1.0
7	1116	1117	1.0
7	1117	1118	1.0
7	1118	1119	1.0
7	1119	1120	1.0
7	1120	1121	1.0
7	1121	1122	1.0
7	1122	1123	1.0
7	1123	1124	1.0
7	1124	1125	1.0
7	1125	1126	1.0
7	1126	1127	1.0
7	1127	1128	1.0
7	1128	1129	1.0
7	1129	1130	1.0
7	1130	1131	1.0
7	1131	1132	1.0
7	1132	1133	1.0
7	1133	1134	1.0
7	1134	1135	1.0
7	1135	1136	1.0
7	1136	1137	1.0
7	1137	1138	1.0
7	1138	1139	1.0
7	1139	1140	1.0
7	1140	1141	1.0
7	1141	1142	1.0
7	1142	1143	1.0
7	1143	1144	1.0
7	1144	1145	1.0
7	1145	1146	1.0
7	1146	1147	1.0
7	1147	1148	1.0
7	1148	1149	1.0
7	1149	1150	1.0
7	1150	1151	1.0
7	1151	1152	1.0
7	1152	1153	1.0
7	1153	1154	1.0
7	1154	1155	1.0
7	1155	1156	1.0
7	1156	1157	1.0
7	1157	1158	1.0
7	1158	1159	1.0
7	1159	1160	1.0
7	1160	1161	1.0
7	1161	1162	1.0
7	1162	1163	1.0
7	1163	1164	1.0
7	1164	1165	1.0
7	1165	1166	1.0
7	1166	1167	1.0
7	1167	1168	1.0
7	1168	1169	1.0
7	1169	1170	1.0
7	1170	1171	1.0
7	1171	1172	1.0
7	1172	1173	1.0
7	1173	1174	1.0
7	1174	1175	1.0
7	1175	1176	1.0
7	1176	1177	1.0
7	1177	1178	1.0
7	1178	1179	1.0
7	1179	1180	1.0
7	1180	1181	1.0
7	1181	1182	1.0
7	1182	1183	1.0
7	1183	1184	1.0
7	1184	1185	1.0
7	1185	1186	1.0
7	1186	1187	1.0
7	1187	1188	1.0
7	1188	1189	1.0
7	1189	1190	1.0
7	1190	1191	1.0
7	1191	1192	1.0
7	1192	1193	1.0
7	1193	1194	1.0
7	1194	1195	1.0
7	1195	1196	1.0
7	1196	1197	1.0
7	1197	1198	1.0
7	1198	1199	1.0
7	1199	1200	1.0
7	1200	1201	1.0
7	1201	1202	1.0
7	1202	1203	1.0
7	1203	1204	1.0
7	1204	1205	1.0
7	1205	1206	1.0
7	1206	1207	1.0
8	1208	1209	1.0
8	1209	1210	1.0
8	1210	1211	1.0
8	1211	1212	1.0
8	1212	1213	1.0
8	1213	1214	1.0
8	1214	1215	1.0
8	1215	1216	1.0
8	1216	1217	1.0
8	1217	1218	1.0
8	1218	1219	1.0
8	1219	1220	1.0
8	1220	1221	1.0
8	1221	1222	1.0
8	1222	1223	1.0
8	1223	1224	1.0
8	1224	1225	1.0
8	1225	1226	1.0
8	1226	1227	1.0
8	1227	1228	1.0
8	1228	1229	1.0
8	1229	1230	1.0
8	1230	1231	1.0
8	1231	1232	1.0
8	1232	1233	1.0
8	1233	1234	1.0
8	1234	1235	1.0
8	1235	1236	1.0
8	1236	1237	1.0
8	1237	1238	1.0
8	1238	1239	1.0
8	1239	1240	1.0
8	1240	1241	1.0
8	1241	1242	1.0
8	1242	1243	1.0
8	1243	1244	1.0
8	1244	1245	1.0
8	1245	1246	1.0
8	1246	1247	1.0
8	1247	1248	1.0
8	1248	1249	1.0
8	1249	1250	1.0
8	1250	1251	1.0
8	1251	1252	1.0
8	1252	1253	1.0
8	1253	1254	1.0
8	1254	1255	1.0
8	1255	1256	1.0
8	1256	1257	1.0
8	1257	1258	1.0
8	1258	1259	1.0
8	1259	1260	1.0
8	1260	1261	1.0
8	1261	1262	1.0
8	1262	1263	1.0
8	1263	1264	1.0
8	1264	1265	1.0
8	1265	1266	1.0
8	1266	1267	1.0
8	1267	1268	1.0
8	1268	1269	1.0
8	1269	1270	1.0
8	1270	1271	1.0
8	1271	1272	1.0
8	1272	1273	1.0
8	1273	1274	1.0
8	1274	1275	1.0
8	1275	1276	1.0
8	1276	1277	1.0
8	1277	1278	1.0
8	1278	1279	1.0
8	1279	1280	1.0
8	1280	1281	1.0
8	1281	1282	1.0
8	1282	1283	1.0
8	1283	1284	1.0
8	1284	1285	1.0
8	1285	1286	1.0
8	1286	1287	1.0
8	1287	1288	1.0
8	1288	1289	1.0
8	1289	1290	1.0
8	1290	1291	1.0
8	1291	1292	1.0
8	1292	1293	1.0
8	1293	1294	1.0
8	1294	1295	1.0
8	1295	1296	1.0
8	1296	1297	1.0
8	1297	1298	1.0
8	1298	1299	1.0
8	1299	1300	1.0
8	1300	1301	1.0
8	1301	1302	1.0
8	1302	1303	1.0
8	1303	1304	1.0
8	1304	1305	1.0
8	1305	1306	1.0
8	1306	1307	1.0
8	1307	1308	1.0
8	1308	1309	1.0
8	1309	1310	1.0
8	1310	1311	1.0
8	1311	1312	1.0
8	1312	1313	1.0
8	1313	1314	1.0
8	1314	1315	1.0
8	1315	1316	1.0
8	1316	1317	1.0
8	1317	1318	1.0
8	1318	1319	1.0
8	1319	1320	1.0
8	1320	1321	1.0
8	1321	1322	1.0
8	1322	1323	1.0
8	1323	1324	1.0
8	1324	1325	1.0
8	1325	1326	1.0
8	1326	1327	1.0
8	1327	1328	1.0
8	1328	1329	1.0
8	1329	1330	1.0
8	1330	1331	1.0
8	1331	1332	1.0
8	1332	1333	1.0
8	1333	1334	1.0
8	1334	1335	1.0
8	1335	1336	1.0
8	1336	1337	1.0
8	1337	1338	1.0
8	1338	1339	1.0
8	1339	1340	1.0
8	1340	1341	1.0
8	1341	1342	1.0
8	1342	1343	1.0
8	1343	1344	1.0
8	1344	1345	1.0
8	1345	1346	1.0
8	1346	1347	1.0
8	1347	1348	1.0
8	1348	1349	1.0
8	1349	1350	1.0
8	1350	1351	1.0
8	1351	1352	1.0
8	1352	1353	1.0
8	1353	1354	1.0
8	1354	1355	1.0
8	1355	1356	1.0
8	1356	1357	1.0
8	1357	1358	1.0
8	1358	1359	1.0
8	1359	1360	1.0
8	1360	1361	1.0
8	1361	1362	1.0
8	1362	1363	1.0
8	1363	1364	1.0
8	1364	1365	1.0
8	1365	1366	1.0
8	1366	1367	1.0
8	1367	1368	1.0
8	1368	1369	1.0
8	1369	1370	1.0
8	1370	1371	1.0
8	1371	1372	1.0
8	1372	1373	1.0
8	1373	1374	1.0
8	1374	1375	1.0
8	1375	1376	1.0
8	1376	1377	1.0
8	1377	1378	1.0
8	1378	1379	1.0
8	1379	1380	1.0
8	1380	1381	1.0
8	1381	1382	1.0
8	1382	1383	1.0
8	1383	1384	1.0
8	1384	1385	1.0
8	1385	1386	1.0
8	1386	1387	1.0
8	1387	1388	1.0
8	1388	1389	1.0
8	1389	1390	1.0
9	1391	1392	1.0
9	1392	1393	1.0
9	1393	1394	1.0
9	1394	1395	1.0
9	1395	1396	1.0
9	1396	1397	1.0
9	1397	1398	1.0
9	1398	1399	1.0
9	1399	1400	1.0
9	1400	1401	1.0
9	1401	1402	1.0
9	1402	1403	1.0
9	1403	1404	1.0
9	1404	1405	1.0
9	1405	1406	1.0
9	1406	1407	1.0
9	1407	1408	1.0
9	1408	1409	1.0
9	1409	1410	1.0
9	1410	1411	1.0
9	1411	1412	1.0
9	1412	1413	1.0
9	1413	1414	1.0
9	1414	1415	1.0
9	1415	1416	1.0
9	1416	1417	1.0
9	1417	1418	1.0
9	1418	1419	1.0
9	1419	1420	1.0
9	1420	1421	1.0
9	1421	1422	1.0
9	1422	1423	1.0
9	1423	1424	1.0
9	1424	1425	1.0
9	1425	1426	1.0
9	1426	1427	1.0
9	1427	1428	1.0
9	1428	1429	1.0
9	1429	1430	1.0
9	1430	1431	1.0
9	1431	1432	1.0
9	1432	1433	1.0
9	1433	1434	1.0
9	1434	1435	1.0
9	1435	1436	1.0
9	1436	1437	1.0
9	1437	1438	1.0
9	1438	1439	1.0
9	1439	1440	1.0
9	1440	1441	1.0
9	1441	1442	1.0
9	1442	1443	1.0
9	1443	1444	1.0
9	1444	1445	1.0
9	1445	1446	1.0
9	1446	1447	1.0
9	1447	1448	1.0
9	1448	1449	1.0
9	1449	1450	1.0
9	1450	1451	1.0
9	1451	1452	1.0
9	1452	1453	1.0
9	1453	1454	1.0
9	1454	1455	1.0
9	1455	1456	1.0
9	1456	1457	1.0
9	1457	1458	1.0
9	1458	1459	1.0
9	1459	1460	1.0
9	1460	1461	1.0
9	1461	1462	1.0
9	1462	1463	1.0
9	1463	1464	1.0
9	1464	1465	1.0
9	1465	1466	1.0
9	1466	1467	1.0
9	1467	1468	1.0
9	1468	1469	1.0
9	1469	1470	1.0
9	1470	1471	1.0
9	1471	1472	1.0
9	1472	1473	1.0
9	1473	1474	1.0
9	1474	1475	1.0
9	1475	1476	1.0
9	1476	1477	1.0
9	1477	1478	1.0
9	1478	1479	1.0
9	1479	1480	1.0
9	1480	1481	1.0
9	1481	1482	1.0
9	1482	1483	1.0
9	1483	1484	1.0
9	1484	1485	1.0
9	1485	1486	1.0
9	1486	1487	1.0
9	1487	1488	1.0
9	1488	1489	1.0
9	1489	1490	1.0
9	1490	1491	1.0
9	1491	1492	1.0
9	1492	1493	1.0
9	1493	1494	1.0
9	1494	1495	1.0
9	1495	1496	1.0
9	1496	1497	1.0
9	1497	1498	1.0
9	1498	1499	1.0
9	1499	1500	1.0
9	1500	1501	1.0
9	1501	1502	1.0
9	1502	1503	1.0
9	1503	1504	1.0
9	1504	1505	1.0
9	1505	1506	1.0
9	1506	1507	1.0
9	1507	1508	1.0
9	1508	1509	1.0
9	1509	1510	1.0
9	1510	1511	1.0
9	1511	1512	1.0
9	1512	1513	1.0
9	1513	1514	1.0
9	1514	1515	1.0
9	1515	1516	1.0
9	1516	1517	1.0
9	1517	1518	1.0
9	1518	1519	1.0
9	1519	1520	1.0
9	1520	1521	1.0
9	1521	1522	1.0
9	1522	1523	1.0
9	1523	1524	1.0
9	1524	1525	1.0
9	1525	1526	1.0
9	1526	1527	1.0
9	1527	1528	1.0
9	1528	1529	1.0
9	1529	1530	1.0
9	1530	1531	1.0
9	1531	1532	1.0
9	1532	1533	1.0
9	1533	1534	1.0
9	1534	1535	1.0
9	1535	1536	1.0
9	1536	1537	1.0
9	1537	1538	1.0
9	1538	1539	1.0
9	1539	1540	1.0
9	1540	1541	1.0
9	1541	1542	1.0
9	1542	1543	1.0
9	1543	1544	1.0
9	1544	1545	1.0
9	1545	1546	1.0
9	1546	1547	1.0
9	1547	1548	1.0
9	1548	1549	1.0
9	1549	1550	1.0
9	1550	1551	1.0
9	1551	1552	1.0
9	1552	1553	1.0
9	1553	1554	1.0
9	1554	1555	1.0
9	1555	1556	1.0
9	1556	1557	1.0
9	1557	1558	1.0
9	1558	1559	1.0
9	1559	1560	1.0
9	1560	1561	1.0
9	1561	1562	1.0
9	1562	1563	1.0
9	1563	1564	1.0
9	1564	1565	1.0
9	1565	1566	1.0
9	1566	1567	1.0
9	1567	1568	1.0
9	1568	1569	1.0
9	1569	1570	1.0
9	1570	1571	1.0
9	1571	1572	1.0
9	1572	1573	1.0
9	1573	1574	1.0
9	1574	1575	1.0
9	1575	1576	1.0
9	1576	1577	1.0
9	1577	1578	1.0
9	1578	1579	1.0
9	1579	1580	1.0
9	1580	1581	1.0
9	1581	1582	1.0
9	1582	1583	1.0
9	1583	1584	1.0
9	1584	1585	1.0
9	1585	1586	1.0
9	1586	1587	1.0
9	1587	1588	1.0
9	1588	1589	1.0
9	1589	1590	1.0
9	1590	1591	1.0
9	1591	1592	1.0
9	1592	1593	1.0
9	1593	1594	1.0
9	1594	1595	1.0
9	1595	1596	1.0
9	1596	1597	1.0
9	1597	1598	1.0
9	1598	1599	1.0
9	1599	1600	1.0
9	1600	1601	1.0
9	1601	1602	1.0
9	1602	1603	1.0
9	1603	1604	1.0
9	1604	1605	1.0
9	1605	1606	1.0
9	1606	1607	1.0
9	1607	1608	1.0
10	1609	1610	1.0
10	1610	1611	1.0
10	1611	1612	1.0
10	1612	1613	1.0
10	1613	1614	1.0
10	1614	1615	1.0
10	1615	1616	1.0
10	1616	1617	1.0
10	1617	1618	1.0
10	1618	1619	1.0
10	1619	1620	1.0
10	1620	1621	1.0
10	1621	1622	1.0
10	1622	1623	1.0
10	1623	1624	1.0
10	1624	1625	1.0
10	1625	1626	1.0
10	1626	1627	1.0
10	1627	1628	1.0
10	1628	1629	1.0
10	1629	1630	1.0
10	1630	1631	1.0
10	1631	1632	1.0
10	1632	1633	1.0
10	1633	1634	1.0
10	1634	1635	1.0
10	1635	1636	1.0
10	1636	1637	1.0
10	1637	1638	1.0
10	1638	1639	1.0
10	1639	1640	1.0
10	1640	1641	1.0
10	1641	1642	1.0
10	1642	1643	1.0
10	1643	1644	1.0
10	1644	1645	1.0
10	1645	1646	1.0
10	1646	1647	1.0
10	1647	1648	1.0
10	1648	1649	1.0
10	1649	1650	1.0
10	1650	1651	1.0
10	1651	1652	1.0
10	1652	1653	1.0
10	1653	1654	1.0
10	1654	1655	1.0
10	1655	1656	1.0
10	1656	1657	1.0
10	1657	1658	1.0
10	1658	1659	1.0
10	1659	1660	1.0
10	1660	1661	1.0
10	1661	1662	1.0
10	1662	1663	1.0
10	1663	1664	1.0
10	1664	1665	1.0
10	1665	1666	1.0
10	1666	1667	1.0
10	1667	1668	1.0
10	1668	1669	1.0
10	1669	1670	1.0
10	1670	1671	1.0
10	1671	1672	1.0
10	1672	1673	1.0
10	1673	1674	1.0
10	1674	1675	1.0
10	1675	1676	1.0
10	1676	1677	1.0
10	1677	1678	1.0
10	1678	1679	1.0
10	1679	1680	1.0
10	1680	1681	1.0
10	1681	1682	1.0
10	1682	1683	1.0
10	1683	1684	1.0
10	1684	1685	1.0
10	1685	1686	1.0
10	1686	1687	1.0
10	1687	1688	1.0
10	1688	1689	1.0
10	1689	1690	1.0
10	1690	1691	1.0
10	1691	1692	1.0
10	1692	1693	1.0
10	1693	1694	1.0
10	1694	1695	1.0
10	1695	1696	1.0
10	1696	1697	1.0
10	1697	1698	1.0
10	1698	1699	1.0
10	1699	1700	1.0
10	1700	1701	1.0
10	1701	1702	1.0
10	1702	1703	1.0
10	1703	1704	1.0
10	1704	1705	1.0
10	1705	1706	1.0
10	1706	1707	1.0
10	1707	1708	1.0
10	1708	1709	1.0
10	1709	1710	1.0
10	1710	1711	1.0
10	1711	1712	1.0
10	1712	1713	1.0
10	1713	1714	1.0
10	1714	1715	1.0
11	1716	1717	1.0
11	1717	1718	1.0
11	1718	1719	1.0
11	1719	1720	1.0
11	1720	1721	1.0
11	1721	1722	1.0
11	1722	1723	1.0
11	1723	1724	1.0
11	1724	1725	1.0
11	1725	1726	1.0
11	1726	1727	1.0
11	1727	1728	1.0
11	1728	1729	1.0
11	1729	1730	1.0
11	1730	1731	1.0
11	1731	1732	1.0
11	1732	1733	1.0
11	1733	1734	1.0
11	1734	1735	1.0
11	1735	1736	1.0
11	1736	1737	1.0
11	1737	1738	1.0
11	1738	1739	1.0
11	1739	1740	1.0
11	1740	1741	1.0
11	1741	1742	1.0
11	1742	1743	1.0
11	1743	1744	1.0
11	1744	1745	1.0
11	1745	1746	1.0
11	1746	1747	1.0
11	1747	1748	1.0
11	1748	1749	1.0
11	1749	1750	1.0
11	1750	1751	1.0
11	1751	1752	1.0
11	1752	1753	1.0
11	1753	1754	1.0
11	1754	1755	1.0
11	1755	1756	1.0
11	1756	1757	1.0
11	1757	1758	1.0
11	1758	1759	1.0
11	1759	1760	1.0
11	1760	1761	1.0
11	1761	1762	1.0
11	1762	1763	1.0
11	1763	1764	1.0
11	1764	1765	1.0
11	1765	1766	1.0
11	1766	1767	1.0
11	1767	1768	1.0
11	1768	1769	1.0
11	1769	1770	1.0
11	1770	1771	1.0
11	1771	1772	1.0
11	1772	1773	1.0
11	1773	1774	1.0
11	1774	1775	1.0
11	1775	1776	1.0
11	1776	1777	1.0
11	1777	1778	1.0
11	1778	1779	1.0
11	1779	1780	1.0
11	1780	1781	1.0
11	1781	1782	1.0
11	1782	1783	1.0
11	1783	1784	1.0
11	1784	1785	1.0
11	1785	1786	1.0
11	1786	1787	1.0
11	1787	1788	1.0
11	1788	1789	1.0
11	1789	1790	1.0
11	1790	1791	1.0
11	1791	1792	1.0
11	1792	1793	1.0
11	1793	1794	1.0
11	1794	1795	1.0
11	1795	1796	1.0
11	1796	1797	1.0
11	1797	1798	1.0
11	1798	1799	1.0
11	1799	1800	1.0
11	1800	1801	1.0
11	1801	1802	1.0
11	1802	1803	1.0
11	1803	1804	1.0
11	1804	1805	1.0
11	1805	1806	1.0
11	1806	1807	1.0
11	1807	1808	1.0
11	1808	1809	1.0
11	1809	1810	1.0
11	1810	1811	1.0
11	1811	1812	1.0
11	1812	1813	1.0
11	1813	1814	1.0
11	1814	1815	1.0
11	1815	1816	1.0
11	1816	1817	1.0
11	1817	1818	1.0
11	1818	1819	1.0
11	1819	1820	1.0
11	1820	1821	1.0
11	1821	1822	1.0
11	1822	1823	1.0
11	1823	1824	1.0
11	1824	1825	1.0
11	1825	1826	1.0
11	1826	1827	1.0
11	1827	1828	1.0
11	1828	1829	1.0
11	1829	1830	1.0
11	1830	1831	1.0
11	1831	1832	1.0
11	1832	1833	1.0
11	1833	1834	1.0
11	1834	1835	1.0
11	1835	1836	1.0
11	1836	1837	1.0
11	1837	1838	1.0
11	1838	1839	1.0
11	1839	1840	1.0
11	1840	1841	1.0
11	1841	1842	1.0
11	1842	1843	1.0
11	1843	1844	1.0
11	1844	1845	1.0
11	1845	1846	1.0
11	1846	1847	1.0
11	1847	1848	1.0
11	1848	1849	1.0
11	1849	1850	1.0
11	1850	1851	1.0
11	1851	1852	1.0
11	1852	1853	1.0
11	1853	1854	1.0
11	1854	1855	1.0
11	1855	1856	1.0
11	1856	1857	1.0
11	1857	1858	1.0
11	1858	1859	1.0
11	1859	1860	1.0
11	1860	1861	1.0
11	1861	1862	1.0
11	1862	1863	1.0
11	1863	1864	1.0
11	1864	1865	1.0
11	1865	1866	1.0
11	1866	1867	1.0
11	1867	1868	1.0
11	1868	1869	1.0
11	1869	1870	1.0
11	1870	1871	1.0
11	1871	1872	1.0
11	1872	1873	1.0
11	1873	1874	1.0
11	1874	1875	1.0
11	1875	1876	1.0
11	1876	1877	1.0
11	1877	1878	1.0
11	1878	1879	1.0
11	1879	1880	1.0
11	1880	1881	1.0
11	1881	1882	1.0
11	1882	1883	1.0
11	1883	1884	1.0
11	1884	1885	1.0
11	1885	1886	1.0
11	1886	1887	1.0
11	1887	1888	1.0
11	1888	1889	1.0
11	1889	1890	1.0
11	1890	1891	1.0
11	1891	1892	1.0
11	1892	1893	1.0
11	1893	1894	1.0
11	1894	1895	1.0
11	1895	1896	1.0
11	1896	1897	1.0
11	1897	1898	1.0
11	1898	1899	1.0
11	1899	1900	1.0
11	1900	1901	1.0
11	1901	1902	1.0
11	1902	1903	1.0
11	1903	1904	1.0
11	1904	1905	1.0
11	1905	1906	1.0
11	1906	1907	1.0
11	1907	1908	1.0
11	1908	1909	1.0
11	1909	1910	1.0
11	1910	1911	1.0
11	1911	1912	1.0
11	1912	1913	1.0
11	1913	1914	1.0
11	1914	1915	1.0
11	1915	1916	1.0
11	1916	1917	1.0
11	1917	1918	1.0
11	1918	1919	1.0
11	1919	1920	1.0
11	1920	1921	1.0
11	1921	1922	1.0
11	1922	1923	1.0
11	1923	1924	1.0
11	1924	1925	1.0
11	1925	1926	1.0
11	1926	1927	1.0
11	1927	1928	1.0
11	1928	1929	1.0
11	1929	1930	1.0
11	1930	1931	1.0
11	1931	1932	1.0
11	1932	1933	1.0
